# energy grid [eV]     epsi_x  epsi_y  epsi_z
#
    0.000000000    0.000000000    0.000000000    0.000000000
    0.025041736  233.156313885  233.155463737  487.588062028
    0.050083472  313.487218011  313.485968053  525.805953663
    0.075125209  299.845722806  299.844452119  438.968147022
    0.100166945  260.160852281  260.159710739  353.785239950
    0.125208681  219.462805794  219.461823871  286.546422847
    0.150250417  184.030597708  184.029765256  234.765446146
    0.175292154  154.558554068  154.557850742  194.494463167
    0.200333890  130.348452762  130.347857875  162.688357221
    0.225375626  110.490084346  110.489579636  137.204025325
    0.250417362   94.163086173   94.162656274  116.536485011
    0.275459098   80.691562379   80.691194594   99.607394546
    0.300500835   69.533643441   69.533327344   85.624994847
    0.325542571   60.257998514   60.257725558   73.994534580
    0.350584307   52.521329246   52.521092417   64.260508555
    0.375626043   46.049842136   46.049635662   56.068505933
    0.400667780   40.624668964   40.624488082   49.139258458
    0.425709516   36.070533775   36.070374538   43.250454952
    0.450751252   32.246943988   32.246803111   38.223645908
    0.475792988   29.041303010   29.041177746   33.914589347
    0.500834725   26.363458772   26.363346810   30.205994046
    0.525876461   24.141281215   24.141180598   27.001978676
    0.550918197   22.316895865   22.316804929   24.223787897
    0.575959933   20.843192124   20.843109442   21.806447006
    0.601001669   19.680186639   19.680110984   19.696128270
    0.626043406   18.790798904   18.790729222   17.848063646
    0.651085142   18.135704539   18.135639932   16.224881126
    0.676126878   17.667401527   17.667341249   14.795272187
    0.701168614   17.324745529   17.324688996   13.532919782
    0.726210351   17.030963346   17.030910139   12.415632513
    0.751252087   16.699413202   16.699363075   11.424642816
    0.776293823   16.249529666   16.249482518   10.544036233
    0.801335559   15.628731477   15.628687306    9.760285943
    0.826377295   14.828574179   14.828533013    9.061872188
    0.851419032   13.884131020   13.884092851    8.438970516
    0.876460768   12.856848950   12.856813708    7.883196104
    0.901502504   11.812123592   11.812091137    7.387394056
    0.926544240   10.803097501   10.803067643    6.945467669
    0.951585977    9.864559714    9.864532238    6.552238346
    0.976627713    9.014319020    9.014293701    6.203332175
    1.001669449    8.257754675    8.257731296    5.895089332
    1.026711185    7.592558219    7.592536579    5.624493329
    1.051752922    7.012408280    7.012388194    5.389117960
    1.076794658    6.509397713    6.509379016    5.187090381
    1.101836394    6.075463372    6.075445917    5.017069295
    1.126878130    5.703142736    5.703126391    4.878237600
    1.151919866    5.385921946    5.385906595    4.770308980
    1.176961603    5.118356383    5.118341921    4.693547771
    1.202003339    4.896076215    4.896062548    4.648800574
    1.227045075    4.715741871    4.715728913    4.637536204
    1.252086811    4.574983981    4.574971655    4.661886662
    1.277128548    4.472343140    4.472331374    4.724674665
    1.302170284    4.407211548    4.407200273    4.829400613
    1.327212020    4.379767093    4.379756246    4.980140789
    1.352253756    4.390877249    4.390866771    5.181275547
    1.377295492    4.441932186    4.441922020    5.436919178
    1.402337229    4.534542186    4.534532280    5.749866661
    1.427378965    4.670006589    4.669996895    6.119830973
    1.452420701    4.848445473    4.848435954    6.540788032
    1.477462437    5.067522488    5.067513119    6.997526156
    1.502504174    5.320857174    5.320847947    7.462233897
    1.527545910    5.596617617    5.596608541    7.893212169
    1.552587646    5.877358436    5.877349529    8.238861415
    1.577629382    6.142481503    6.142472770    8.449101512
    1.602671119    6.373858193    6.373849593    8.491774119
    1.627712855    6.562762736    6.562754160    8.365764526
    1.652754591    6.713979365    6.713970638    8.102211042
    1.677796327    6.843728161    6.843719072    7.752958891
    1.702838063    6.972110086    6.972100438    7.374069627
    1.727879800    7.114241090    7.114230741    7.013265608
    1.752921536    7.274166593    7.274155479    6.704798241
    1.777963272    7.443251110    7.443239254    6.470080039
    1.803005008    7.602451023    7.602438531    6.320813669
    1.828046745    7.726589991    7.726577051    6.262154688
    1.853088481    7.788825389    7.788812263    6.294691845
    1.878130217    7.765088734    7.765075739    6.414830679
    1.903171953    7.639501724    7.639489179    6.613536055
    1.928213689    7.410006902    7.409995060    6.873673079
    1.953255426    7.090462701    7.090451700    7.166764943
    1.978297162    6.706336043    6.706325896    7.451060285
    2.003338898    6.286141814    6.286132447    7.673931872
    2.028380634    5.854061046    5.854052340    7.781250968
    2.053422371    5.427268806    5.427260640    7.732677777
    2.078464107    5.017293449    5.017285724    7.515944885
    2.103505843    4.632455267    4.632447908    7.151081830
    2.128547579    4.279209216    4.279202167    6.681547266
    2.153589316    3.962217364    3.962210575    6.158366923
    2.178631052    3.684070485    3.684063909    5.626426096
    2.203672788    3.445356729    3.445350314    5.117753458
    2.228714524    3.245146984    3.245140676    4.651107846
    2.253756260    3.081647011    3.081640751    4.234834922
    2.278797997    2.952786650    2.952780376    3.870424347
    2.303839733    2.856645950    2.856639597    3.555482919
    2.328881469    2.791713035    2.791706532    3.285795116
    2.353923205    2.757003590    2.756996863    3.056586822
    2.378964942    2.752067773    2.752060742    2.863224980
    2.404006678    2.776888007    2.776880585    2.701562630
    2.429048414    2.831642116    2.831634217    2.568079491
    2.454090150    2.916277747    2.916269285    2.459914001
    2.479131886    3.029828768    3.029819670    2.374843637
    2.504173623    3.169432687    3.169422907    2.311244821
    2.529215359    3.329135950    3.329125492    2.268047114
    2.554257095    3.498861981    3.498850918    2.244684174
    2.579298831    3.664328132    3.664316622    2.241032840
    2.604340568    3.808903029    3.808891306    2.257320558
    2.629382304    3.917751021    3.917739355    2.293969389
    2.654424040    3.982858339    3.982846981    2.351330798
    2.679465776    4.005928502    4.005917632    2.429251065
    2.704507513    3.996803116    3.996792824    2.526407127
    2.729549249    3.968048054    3.968038365    2.639404044
    2.754590985    3.928832703    3.928823606    2.761785695
    2.779632721    3.881192422    3.881183904    2.883415989
    2.804674457    3.820108122    3.820100179    2.991025228
    2.829716194    3.737111844    3.737104470    3.070673215
    2.854757930    3.625654587    3.625647758    3.111935213
    2.879799666    3.485461311    3.485454979    3.111998538
    2.904841402    3.323564300    3.323558396    3.077129987
    2.929883139    3.151890982    3.151885428    3.020484760
    2.954924875    2.983405203    2.983399920    2.957782300
    2.979966611    2.829042095    2.829037011    2.903387187
    3.005008347    2.696383291    2.696378338    2.868234536
    3.030050083    2.589748548    2.589743665    2.859462020
    3.055091820    2.510932733    2.510927862    2.880871270
    3.080133556    2.459975945    2.459971035    2.933430238
    3.105175292    2.435666707    2.435661716    3.015424194
    3.130217028    2.435719944    2.435714846    3.122262216
    3.155258765    2.456734259    2.456729047    3.246310619
    3.180300501    2.494171224    2.494165918    3.377426477
    3.205342237    2.542702612    2.542697256    3.504844473
    3.230383973    2.597200128    2.597194783    3.620328509
    3.255425710    2.654236275    2.654230998    3.721167246
    3.280467446    2.713375933    2.713370759    3.810887614
    3.305509182    2.777349103    2.777344034    3.896670875
    3.330550918    2.850787658    2.850782670    3.984613178
    3.355592654    2.938094409    2.938089468    4.075161573
    3.380634391    3.041391901    3.041386978    4.160720556
    3.405676127    3.159278020    3.159273106    4.226605390
    3.430717863    3.286771612    3.286766717    4.255650397
    3.455759599    3.416565723    3.416560873    4.235210668
    3.480801336    3.541259186    3.541254401    4.163268660
    3.505843072    3.655529422    3.655524710    4.050054988
    3.530884808    3.756906426    3.756901786    3.914395784
    3.555926544    3.844717326    3.844712763    3.777540833
    3.580968280    3.918394160    3.918389702    3.658052646
    3.606010017    3.976917651    3.976913347    3.569416586
    3.631051753    4.019889519    4.019885422    3.519910802
    3.656093489    4.048983391    4.048979541    3.513484892
    3.681135225    4.068254165    4.068250589    3.550662099
    3.706176962    4.082987275    4.082983998    3.629055174
    3.731218698    4.097748858    4.097745913    3.743589310
    3.756260434    4.114327230    4.114324673    3.886850720
    3.781302170    4.130229842    4.130227751    4.049980367
    3.806343907    4.138695851    4.138694303    4.224017501
    3.831385643    4.130894344    4.130893379    4.400787159
    3.856427379    4.099585821    4.099585400    4.572264308
    3.881469115    4.042130319    4.042130311    4.728579612
    3.906510851    3.961014832    3.961015047    4.856551045
    3.931552588    3.861980392    3.861980634    4.940827233
    3.956594324    3.751293039    3.751293155    4.967714188
    3.981636060    3.633558786    3.633558689    4.929296469
    4.006677796    3.510764594    3.510764267    4.825229488
    4.031719533    3.382860207    3.382859680    4.661953914
    4.056761269    3.249695116    3.249694433    4.451110816
    4.081803005    3.113198008    3.113197196    4.208244742
    4.106844741    2.978287497    2.978286556    3.951189071
    4.131886477    2.851925955    2.851924864    3.697585190
    4.156928214    2.741125148    2.741123881    3.462295850
    4.181969950    2.651157421    2.651155958    3.255876811
    4.207011686    2.584600677    2.584599018    3.084453288
    4.232053422    2.541099819    2.541097986    2.950496228
    4.257095159    2.517496368    2.517494406    2.853776707
    4.282136895    2.508199222    2.508197196    2.791995882
    4.307178631    2.505986696    2.505984680    2.760888364
    4.332220367    2.503465426    2.503463482    2.753851004
    4.357262104    2.494962727    2.494960887    2.761410310
    4.382303840    2.478023267    2.478021520    2.771156633
    4.407345576    2.453693630    2.453691934    2.768960294
    4.432387312    2.425618684    2.425616982    2.741885129
    4.457429048    2.398716787    2.398715031    2.681986350
    4.482470785    2.378038792    2.378036949    2.588931386
    4.507512521    2.367818538    2.367816600    2.469665072
    4.532554257    2.370534713    2.370532698    2.335350934
    4.557595993    2.386049057    2.386047010    2.197580511
    4.582637730    2.411123497    2.411121494    2.065728235
    4.607679466    2.439687084    2.439685228    1.946004165
    4.632721202    2.464124653    2.464123058    1.841717744
    4.657762938    2.477467727    2.477466491    1.754035463
    4.682804674    2.475730363    2.475729537    1.682750148
    4.707846411    2.459291952    2.459291517    1.626871052
    4.732888147    2.432679933    2.432679806    1.585029432
    4.757929883    2.403016724    2.403016778    1.555769969
    4.782971619    2.377987611    2.377987705    1.537795876
    4.808013356    2.364138170    2.364138185    1.530180120
    4.833055092    2.365859358    2.365859210    1.532485298
    4.858096828    2.384983961    2.384983614    1.544712174
    4.883138564    2.420786402    2.420785861    1.567055945
    4.908180301    2.470314166    2.470313469    1.599537336
    4.933222037    2.529099903    2.529099102    1.641612433
    4.958263773    2.592177982    2.592177129    1.691854078
    4.983305509    2.655064614    2.655063742    1.747808876
    5.008347245    2.714344472    2.714343587    1.806189871
    5.033388982    2.767856034    2.767855113    1.863570783
    5.058430718    2.814704074    2.814703071    1.917539567
    5.083472454    2.855093010    2.855091877    1.967850235
    5.108514190    2.889732939    2.889731652    2.016873758
    5.133555927    2.918902858    2.918901435    2.069014181
    5.158597663    2.941831109    2.941829615    2.129469681
    5.183639399    2.957039217    2.957037749    2.203046154
    5.208681135    2.963566031    2.963564685    2.293452544
    5.233722871    2.962279651    2.962278484    2.403082316
    5.258764608    2.956452814    2.956451814    2.533109432
    5.283806344    2.951325598    2.951324683    2.683749009
    5.308848080    2.952939699    2.952938742    2.854531616
    5.333889816    2.966764288    2.966763157    3.044384614
    5.358931553    2.996599182    2.996597778    3.251398190
    5.383973289    3.044081797    3.044080079    3.472455881
    5.409015025    3.108913168    3.108911153    3.703103644
    5.434056761    3.189660108    3.189657853    3.937757872
    5.459098497    3.284721264    3.284718841    4.169899002
    5.484140234    3.392928195    3.392925666    4.392013997
    5.509181970    3.513428279    3.513425685    4.595785736
    5.534223706    3.644862055    3.644859429    4.773337938
    5.559265442    3.784169899    3.784167288    4.919465371
    5.584307179    3.925522454    3.925519937    5.033400646
    5.609348915    4.059895337    4.059893031    5.118319436
    5.634390651    4.175752798    4.175750839    5.178270229
    5.659432387    4.261086724    4.261085226    5.214495682
    5.684474124    4.306517413    4.306516427    5.224066479
    5.709515860    4.308394395    4.308393883    5.202317526
    5.734557596    4.270349407    4.270349249    5.147685481
    5.759599332    4.202173346    4.202173382    5.065412502
    5.784641068    4.116319921    4.116320008    4.967219840
    5.809682805    4.023875793    4.023875842    4.867106844
    5.834724541    3.932136856    3.932136843    4.776017361
    5.859766277    3.844640727    3.844640674    4.698225670
    5.884808013    3.762717575    3.762717522    4.630782151
    5.909849750    3.686840718    3.686840704    4.565822220
    5.934891486    3.616861939    3.616861996    4.494455223
    5.959933222    3.551655690    3.551655846    4.410433497
    5.984974958    3.489268002    3.489268272    4.312233830
    6.010016694    3.427975804    3.427976182    4.203279640
    6.035058431    3.367620753    3.367621198    4.090811501
    6.060100167    3.310227773    3.310228216    3.984085521
    6.085141903    3.259495097    3.259495456    3.892523837
    6.110183639    3.219590726    3.219590926    3.824199412
    6.135225376    3.193967628    3.193967615    3.784634198
    6.160267112    3.184563095    3.184562840    3.775710838
    6.185308848    3.191399875    3.191399374    3.794673385
    6.210350584    3.212525689    3.212524955    3.833472829
    6.235392321    3.244138023    3.244137084    3.878940887
    6.260434057    3.280629440    3.280628344    3.914356241
    6.285475793    3.314551834    3.314550646    3.922638324
    6.310517529    3.337096425    3.337095224    3.890561720
    6.335559265    3.339823461    3.339822313    3.812496453
    6.360601002    3.317457539    3.317456465    3.691959221
    6.385642738    3.270244499    3.270243460    3.540093817
    6.410684474    3.204158657    3.204157562    3.371823948
    6.435726210    3.128696197    3.128694936    3.201708889
    6.460767947    3.053668904    3.053667381    3.041330305
    6.485809683    2.986675767    2.986673925    2.898645121
    6.510851419    2.931940321    2.931938149    2.778539668
    6.535893155    2.890263108    2.890260642    2.683627763
    6.560934891    2.859631959    2.859629275    2.614835138
    6.585976628    2.836273396    2.836270598    2.571791817
    6.611018364    2.816064360    2.816061563    2.553173867
    6.636060100    2.796007190    2.796004499    2.557020267
    6.661101836    2.775185085    2.775182573    2.580944601
    6.686143573    2.754761421    2.754759126    2.622181202
    6.711185309    2.737158599    2.737156528    2.677505570
    6.736227045    2.724977120    2.724975263    2.743146962
    6.761268781    2.720160794    2.720159135    2.814842692
    6.786310518    2.723631728    2.723630256    2.888212513
    6.811352254    2.735405811    2.735404517    2.959577427
    6.836393990    2.755028057    2.755026934    3.026990322
    6.861435726    2.781984310    2.781983352    3.090732350
    6.886477462    2.815774276    2.815773478    3.152583881
    6.911519199    2.855721228    2.855720589    3.214089594
    6.936560935    2.900934409    2.900933934    3.274919159
    6.961602671    2.950599727    2.950599426    3.332353355
    6.986644407    3.004205148    3.004205034    3.382124467
    7.011686144    3.061235731    3.061235818    3.420090174
    7.036727880    3.120476719    3.120477019    3.443849575
    7.061769616    3.179545985    3.179546506    3.453432780
    7.086811352    3.235046218    3.235046959    3.450726683
    7.111853088    3.283167207    3.283168157    3.438104137
    7.136894825    3.320342996    3.320344137    3.417129111
    7.161936561    3.343759510    3.343760816    3.388007029
    7.186978297    3.351709596    3.351711035    3.349992741
    7.212020033    3.343771972    3.343773505    3.302483573
    7.237061770    3.320760981    3.320762564    3.246156291
    7.262103506    3.284522196    3.284523785    3.183547818
    7.287145242    3.237725003    3.237726553    3.118913211
    7.312186978    3.183670002    3.183671477    3.057557958
    7.337228715    3.125960536    3.125961908    3.004894808
    7.362270451    3.067914046    3.067915298    2.965448007
    7.387312187    3.011836532    3.011837662    2.942060653
    7.412353923    2.958556077    2.958557096    2.935510441
    7.437395659    2.907621542    2.907622471    2.944580754
    7.462437396    2.858192816    2.858193678    2.966533367
    7.487479132    2.810118609    2.810119424    2.997919214
    7.512520868    2.764494838    2.764495613    3.035582105
    7.537562604    2.723362797    2.723363528    3.077515485
    7.562604341    2.688794454    2.688795122    3.123151357
    7.587646077    2.661882699    2.661883276    3.172858686
    7.612687813    2.642054271    2.642054726    3.226820385
    7.637729549    2.626963227    2.626963529    3.283883649
    7.662771285    2.613072413    2.613072535    3.341146463
    7.687813022    2.596738005    2.596737924    3.394608630
    7.712854758    2.575304225    2.575303924    3.440386810
    7.737896494    2.547744324    2.547743788    3.475598911
    7.762938230    2.514737170    2.514736390    3.498494222
    7.787979967    2.478345351    2.478344327    3.508072748
    7.813021703    2.441503791    2.441502531    3.503517308
    7.838063439    2.407513596    2.407512119    3.483588897
    7.863105175    2.379692694    2.379691028    3.446386069
    7.888146912    2.361175042    2.361173217    3.390089647
    7.913188648    2.354691807    2.354689853    3.314613046
    7.938230384    2.362178766    2.362176704    3.222964604
    7.963272120    2.384208935    2.384206781    3.121109279
    7.988313856    2.419426762    2.419424529    3.016390800
    8.013355593    2.464269840    2.464267542    2.915632088
    8.038397329    2.513250431    2.513248086    2.823872709
    8.063439065    2.559902372    2.559899995    2.743968696
    8.088480801    2.598214906    2.598212514    2.676881060
    8.113522538    2.624091696    2.624089301    2.622433095
    8.138564274    2.636226354    2.636223968    2.580253924
    8.163606010    2.635935218    2.635932849    2.550526766
    8.188647746    2.626043778    2.626041434    2.534223830
    8.213689482    2.609566437    2.609564126    2.532746521
    8.238731219    2.588998126    2.588995853    2.547138452
    8.263772955    2.566407504    2.566405269    2.577172509
    8.288814691    2.543821629    2.543819426    2.620626684
    8.313856427    2.523293620    2.523291439    2.673037681
    8.338898164    2.506535267    2.506533097    2.728177114
    8.363939900    2.494492701    2.494490528    2.779316751
    8.388981636    2.487301844    2.487299645    2.820947805
    8.414023372    2.484735734    2.484733472    2.850182048
    8.439065109    2.486852242    2.486849864    2.867033759
    8.464106845    2.494361457    2.494358899    2.873411995
    8.489148581    2.508420265    2.508417465    2.871542254
    8.514190317    2.529996791    2.529993706    2.862878350
    8.539232053    2.559254543    2.559251159    2.848026585
    8.564273790    2.595350829    2.595347167    2.827336967
    8.589315526    2.636735707    2.636731819    2.801440396
    8.614357262    2.681734346    2.681730302    2.771359623
    8.639398998    2.729081049    2.729076924    2.738379072
    8.664440735    2.778153317    2.778149181    2.704004955
    8.689482471    2.828793078    2.828788980    2.670046527
    8.714524207    2.880745505    2.880741472    2.638581523
    8.739565943    2.932954226    2.932950271    2.611676445
    8.764607679    2.983123378    2.983119508    2.591023220
    8.789649416    3.027848739    3.027844966    2.577732119
    8.814691152    3.063260893    3.063257238    2.572343333
    8.839732888    3.085883530    3.085880025    2.574955440
    8.864774624    3.093465135    3.093461828    2.585321232
    8.889816361    3.085608698    3.085605643    2.602742547
    8.914858097    3.063933121    3.063930370    2.625686062
    8.939899833    3.031572995    3.031570585    2.651339979
    8.964941569    2.992250252    2.992248194    2.675567330
    8.989983306    2.949498739    2.949497019    2.693532856
    9.015025042    2.906429903    2.906428495    2.700794759
    9.040066778    2.865898553    2.865897432    2.694344510
    9.065108514    2.830631227    2.830630378    2.673226560
    9.090150250    2.803027188    2.803026612    2.638681210
    9.115191987    2.784680361    2.784680072    2.593816449
    9.140233723    2.775902825    2.775902844    2.542793813
    9.165275459    2.775573176    2.775573527    2.489766897
    9.190317195    2.781522186    2.781522894    2.438073689
    9.215358932    2.791418021    2.791419101    2.389976870
    9.240400668    2.803781589    2.803783040    2.346766835
    9.265442404    2.818581446    2.818583243    2.308897051
    9.290484140    2.837088378    2.837090481    2.276108733
    9.315525876    2.861204355    2.861206717    2.247737442
    9.340567613    2.892796399    2.892798975    2.223258677
    9.365609349    2.933352342    2.933355092    2.202829159
    9.390651085    2.983859550    2.983862434    2.187482946
    9.415692821    3.044662523    3.044665503    2.178861039
    9.440734558    3.115214712    3.115217743    2.178687141
    9.465776294    3.193835690    3.193838712    2.188332695
    9.490818030    3.277641998    3.277644938    2.208626851
    9.515859766    3.362756054    3.362758826    2.239797725
    9.540901503    3.444797082    3.444799607    2.281384148
    9.565943239    3.519546778    3.519548997    2.332118055
    9.590984975    3.583591410    3.583593299    2.389893451
    9.616026711    3.634784273    3.634785835    2.451910603
    9.641068447    3.672506238    3.672507495    2.515019907
    9.666110184    3.697708518    3.697709490    2.576226617
    9.691151920    3.712654456    3.712655158    2.633227738
    9.716193656    3.720395270    3.720395705    2.684824846
    9.741235392    3.724209559    3.724209726    2.731154750
    9.766277129    3.727175116    3.727175011    2.773750816
    9.791318865    3.731804363    3.731803981    2.815375921
    9.816360601    3.739649555    3.739648894    2.859518533
    9.841402337    3.750993635    3.750992701    2.909564693
    9.866444073    3.764843668    3.764842480    2.967828215
    9.891485810    3.779310503    3.779309100    3.034710843
    9.916527546    3.792260665    3.792259096    3.108285128
    9.941569282    3.802018913    3.802017226    3.184529048
    9.966611018    3.807941327    3.807939554    3.258276004
    9.991652755    3.810799215    3.810797372    3.324720589
   10.016694491    3.812930372    3.812928470    3.381032804
   10.041736227    3.818014347    3.818012399    3.427355215
   10.066777963    3.830359142    3.830357167    3.466542287
   10.091819699    3.853857434    3.853855461    3.502666941
   10.116861436    3.891004304    3.891002374    3.539114161
   10.141903172    3.942294971    3.942293136    3.577276873
   10.166944908    4.006075294    4.006073610    3.616337089
   10.191986644    4.078761268    4.078759788    3.653916362
   10.217028381    4.155300895    4.155299654    3.687048583
   10.242070117    4.229758541    4.229757556    3.713022939
   10.267111853    4.295973427    4.295972706    3.729938259
   10.292153589    4.348331109    4.348330659    3.737013441
   10.317195326    4.382636538    4.382636370    3.734605175
   10.342237062    4.396888196    4.396888315    3.723723887
   10.367278798    4.391671649    4.391672043    3.705106177
   10.392320534    4.370045957    4.370046590    3.678461214
   10.417362270    4.336972784    4.336973601    3.642599562
   10.442404007    4.298352261    4.298353198    3.596506609
   10.467445743    4.259739382    4.259740374    3.540637801
   10.492487479    4.225011477    4.225012479    3.477523364
   10.517529215    4.195471052    4.195472041    3.411313924
   10.542570952    4.169764254    4.169765239    3.346628110
   10.567612688    4.144585748    4.144586762    3.287370532
   10.592654424    4.115807744    4.115808840    3.236021615
   10.617696160    4.079649588    4.079650821    3.193560660
   10.642737896    4.033612585    4.033613996    3.159853618
   10.667779633    3.976946948    3.976948547    3.134125704
   10.692821369    3.910541829    3.910543587    3.115196959
   10.717863105    3.836432205    3.836434055    3.101473989
   10.742904841    3.757301093    3.757302931    3.090991778
   10.767946578    3.676213808    3.676215516    3.081781224
   10.792988314    3.596558884    3.596560354    3.072469882
   10.818030050    3.522006697    3.522007845    3.062642012
   10.843071786    3.456274458    3.456275242    3.052520286
   10.868113523    3.402633920    3.402634340    3.042069302
   10.893155259    3.363319388    3.363319478    3.030197861
   10.918196995    3.339051992    3.339051800    3.014741616
   10.943238731    3.328778709    3.328778281    2.993293645
   10.968280467    3.329662135    3.329661501    2.964334510
   10.993322204    3.337414969    3.337414140    2.928036605
   11.018363940    3.347054379    3.347053351    2.886448782
   11.043405676    3.353927746    3.353926511    2.843064559
   11.068447412    3.354617286    3.354615851    2.801950063
   11.093489149    3.347355599    3.347353996    2.766790467
   11.118530885    3.331870162    3.331868456    2.740280081
   11.143572621    3.308846483    3.308844768    2.724022032
   11.168614357    3.279291646    3.279290026    2.718706025
   11.193656093    3.244048123    3.244046699    2.724224023
   11.218697830    3.203623554    3.203622408    2.739640768
   11.243739566    3.158371589    3.158370781    2.763205057
   11.268781302    3.108914028    3.108913592    2.792591116
   11.293823038    3.056584668    3.056584613    2.825381486
   11.318864775    3.003630547    3.003630857    2.859656735
   11.343906511    2.952989569    2.952990204    2.894501467
   11.368948247    2.907702643    2.907703553    2.930209111
   11.393989983    2.870260485    2.870261618    2.967994065
   11.419031720    2.842203091    2.842204392    3.009207154
   11.444073456    2.824062912    2.824064324    3.054362441
   11.469115192    2.815506718    2.815508179    3.102491510
   11.494156928    2.815503239    2.815504684    3.151252449
   11.519198664    2.822475520    2.822476890    3.197810093
   11.544240401    2.834477680    2.834478933    3.239952143
   11.569282137    2.849388155    2.849389269    3.276655990
   11.594323873    2.865058743    2.865059714    3.307745364
   11.619365609    2.879411717    2.879412552    3.333106716
   11.644407346    2.890568826    2.890569537    3.352368032
   11.669449082    2.897081700    2.897082300    3.365462500
   11.694490818    2.898208369    2.898208872    3.373512377
   11.719532554    2.894085917    2.894086336    3.379004273
   11.744574290    2.885666426    2.885666772    3.384824502
   11.769616027    2.874380791    2.874381067    3.392735466
   11.794657763    2.861641206    2.861641410    3.402298424
   11.819699499    2.848422151    2.848422279    3.410910215
   11.844741235    2.835123273    2.835123323    3.414984978
   11.869782972    2.821685231    2.821685215    3.411708385
   11.894824708    2.807745020    2.807744962    3.400438568
   11.919866444    2.792731411    2.792731346    3.383017342
   11.944908180    2.776052335    2.776052297    3.362965653
   11.969949917    2.757498393    2.757498405    3.344200867
   11.994991653    2.737655630    2.737655702    3.329960426
   12.020033389    2.717948933    2.717949064    3.322119767
   12.045075125    2.700201673    2.700201855    3.320680573
   12.070116861    2.685985930    2.685986157    3.323324654
   12.095158598    2.676131675    2.676131941    3.325355718
   12.120200334    2.670574484    2.670574779    3.320513015
   12.145242070    2.668513386    2.668513697    3.302740135
   12.170283806    2.668750994    2.668751304    3.268270027
   12.195325543    2.670079387    2.670079687    3.216959725
   12.220367279    2.671609276    2.671609566    3.152169770
   12.245409015    2.672965007    2.672965296    3.079410881
   12.270450751    2.674291078    2.674291379    3.004649196
   12.295492487    2.676076695    2.676077016    2.933069241
   12.320534224    2.678850945    2.678851292    2.868528910
   12.345575960    2.682786309    2.682786684    2.813478063
   12.370617696    2.687273765    2.687274169    2.769024154
   12.395659432    2.690654224    2.690654658    2.735004339
   12.420701169    2.690354251    2.690354714    2.710115208
   12.445742905    2.683519895    2.683520389    2.692207838
   12.470784641    2.667944037    2.667944566    2.678781069
   12.495826377    2.642875508    2.642876080    2.667568802
   12.520868114    2.609341730    2.609342358    2.657014721
   12.545909850    2.569880501    2.569881194    2.646468009
   12.570951586    2.527868758    2.527869521    2.636085510
   12.595993322    2.486743061    2.486743894    2.626509483
   12.621035058    2.449319590    2.449320484    2.618367849
   12.646076795    2.417326358    2.417327296    2.611700751
   12.671118531    2.391255410    2.391256364    2.605596333
   12.696160267    2.370620077    2.370621014    2.598357620
   12.721202003    2.354539049    2.354539934    2.588224777
   12.746243740    2.342344776    2.342345583    2.574243500
   12.771285476    2.333863054    2.333863768    2.556743602
   12.796327212    2.329234672    2.329235293    2.537246348
   12.821368948    2.328462341    2.328462880    2.518049661
   12.846410684    2.331016672    2.331017152    2.501753884
   12.871452421    2.335767884    2.335768333    2.490716815
   12.896494157    2.341303597    2.341304044    2.486366296
   12.921535893    2.346454601    2.346455068    2.488541782
   12.946577629    2.350745391    2.350745888    2.495238281
   12.971619366    2.354606534    2.354607055    2.503045424
   12.996661102    2.359356808    2.359357338    2.508245391
   13.021702838    2.366970980    2.366971494    2.508145815
   13.046744574    2.379590354    2.379590831    2.502035206
   13.071786311    2.398823266    2.398823698    2.491323518
   13.096828047    2.425076700    2.425077103    2.478869923
   13.121869783    2.457226088    2.457226507    2.467885990
   13.146911519    2.492765319    2.492765822    2.460887537
   13.171953255    2.528323325    2.528323991    2.459014208
   13.196994992    2.560310011    2.560310911    2.461860115
   13.222036728    2.585523565    2.585524749    2.467839602
   13.247078464    2.601663785    2.601665269    2.474976142
   13.272120200    2.607703844    2.607705612    2.481796585
   13.297161937    2.604011967    2.604013976    2.487869436
   13.322203673    2.592137355    2.592139546    2.493709774
   13.347245409    2.574333150    2.574335466    2.500250312
   13.372287145    2.553037070    2.553039462    2.508355682
   13.397328881    2.530496202    2.530498637    2.518638775
   13.422370618    2.508543958    2.508546415    2.531464095
   13.447412354    2.488416658    2.488419118    2.546922214
   13.472454090    2.470549817    2.470552253    2.564685758
   13.497495826    2.454449290    2.454451656    2.583773423
   13.522537563    2.438832912    2.438835148    2.602338212
   13.547579299    2.422147832    2.422149871    2.617688548
   13.572621035    2.403300706    2.403302485    2.626720926
   13.597662771    2.382213922    2.382215397    2.626720612
   13.622704508    2.359864690    2.359865845    2.616208769
   13.647746244    2.337766099    2.337766947    2.595407170
   13.672787980    2.317187951    2.317188530    2.566081628
   13.697829716    2.298554300    2.298554665    2.530882865
   13.722871452    2.281325051    2.281325256    2.492527852
   13.747913189    2.264387273    2.264387368    2.453141488
   13.772954925    2.246715906    2.246715928    2.413949622
   13.797996661    2.227933172    2.227933154    2.375367556
   13.823038397    2.208470858    2.208470827    2.337357446
   13.848080134    2.189294423    2.189294403    2.299812812
   13.873121870    2.171419668    2.171419675    2.262764654
   13.898163606    2.155543281    2.155543322    2.226371830
   13.923205342    2.141961233    2.141961299    2.190843974
   13.948247078    2.130699804    2.130699868    2.156486365
   13.973288815    2.121636983    2.121637004    2.123858709
   13.998330551    2.114458485    2.114458404    2.093795686
   14.023372287    2.108506550    2.108506296    2.067101667
   14.048414023    2.102725846    2.102725340    2.044092045
   14.073455760    2.095829484    2.095828651    2.024354622
   14.098497496    2.086609107    2.086607882    2.006891878
   14.123539232    2.074235009    2.074233348    1.990456895
   14.148580968    2.058457993    2.058455881    1.973792103
   14.173622705    2.039672697    2.039670153    1.955666466
   14.198664441    2.018803995    2.018801070    1.934851803
   14.223706177    1.997025510    1.997022281    1.910242285
   14.248747913    1.975401890    1.975398450    1.881148779
   14.273789649    1.954588691    1.954585134    1.847577844
   14.298831386    1.934710896    1.934707307    1.810274647
   14.323873122    1.915476731    1.915473174    1.770499307
   14.348914858    1.896469619    1.896466135    1.729722031
   14.373956594    1.877461340    1.877457950    1.689446595
   14.398998331    1.858584878    1.858581596    1.651185378
   14.424040067    1.840300471    1.840297305    1.616436592
   14.449081803    1.823205442    1.823202408    1.586544037
   14.474123539    1.807788010    1.807785130    1.562465043
   14.499165275    1.794198075    1.794195379    1.544548901
   14.524207012    1.782081777    1.782079297    1.532415009
   14.549248748    1.770538212    1.770535977    1.524994440
   14.574290484    1.758247596    1.758245625    1.520760760
   14.599332220    1.743751898    1.743750201    1.518088854
   14.624373957    1.725795322    1.725793899    1.515592922
   14.649415693    1.703621229    1.703620071    1.512305156
   14.674457429    1.677168949    1.677168040    1.507674845
   14.699499165    1.647150574    1.647149892    1.501489857
   14.724540902    1.614969808    1.614969326    1.493835473
   14.749582638    1.582430743    1.582430430    1.485095480
   14.774624374    1.551276578    1.551276402    1.475894928
   14.799666110    1.522751756    1.522751687    1.466924756
   14.824707846    1.497405157    1.497405171    1.458725833
   14.849749583    1.475188031    1.475188111    1.451568396
   14.874791319    1.455717936    1.455718070    1.445478009
   14.899833055    1.438538857    1.438539036    1.440330065
   14.924874791    1.423286121    1.423286335    1.435906087
   14.949916528    1.409750442    1.409750685    1.431902735
   14.974958264    1.397860598    1.397860864    1.427962113
   15.000000000    1.387584891    1.387585180    1.423731708
