# energy grid [eV]     epsr_x  epsr_y  epsr_z
# plasmon frequences [eV]:    14.654525045   14.654521811   14.677708878
    0.000000000  563.959673675  563.957450437  992.319123476
    0.025041736  461.273933690  461.272022401  686.475732887
    0.050083472  284.180550575  284.179273108  324.203564863
    0.075125209  153.834844934  153.834111868  137.951662808
    0.100166945   75.403076747   75.402703659   47.587488946
    0.125208681   29.729058642   29.728907042    1.186152642
    0.150250417    3.005534705    3.005517396  -23.747344459
    0.175292154  -12.639980879  -12.639917305  -37.286552237
    0.200333890  -21.613286199  -21.613174807  -44.354073354
    0.225375626  -26.455930113  -26.455791729  -47.567430942
    0.250417362  -28.692376836  -28.692224754  -48.419986341
    0.275459098  -29.269895583  -29.269738342  -47.811650053
    0.300500835  -28.793793617  -28.793636686  -46.306849259
    0.325542571  -27.658752239  -27.658599072  -44.269333323
    0.350584307  -26.125517653  -26.125370368  -41.937337002
    0.375626043  -24.367575597  -24.367435423  -39.467910266
    0.400667780  -22.500597884  -22.500465452  -36.964313840
    0.425709516  -20.601597075  -20.601472624  -34.493591521
    0.450751252  -18.721726713  -18.721610220  -32.098166760
    0.475792988  -16.895064987  -16.894956260  -29.803657202
    0.500834725  -15.144830264  -15.144729003  -27.624218772
    0.525876461  -13.487958800  -13.487864636  -25.566236344
    0.550918197  -11.938650510  -11.938563033  -23.630887610
    0.575959933  -10.511251335  -10.511170104  -21.815928849
    0.601001669   -9.222608690   -9.222533240  -20.116938363
    0.626043406   -8.093732206   -8.093662049  -18.528179528
    0.651085142   -7.150154276   -7.150088900  -17.043195983
    0.676126878   -6.419851542   -6.419790408  -15.655217813
    0.701168614   -5.927287932   -5.927230486  -14.357434366
    0.726210351   -5.682895517   -5.682841209  -13.143173068
    0.751252087   -5.670123209   -5.670071536  -12.006012254
    0.776293823   -5.836595871   -5.836546428  -10.939847910
    0.801335559   -6.097956355   -6.097908871   -9.938928535
    0.826377295   -6.357324943   -6.357279292   -8.997868236
    0.851419032   -6.531807223   -6.531763396   -8.111645260
    0.876460768   -6.571419280   -6.571377337   -7.275591108
    0.901502504   -6.462276568   -6.462236587   -6.485373892
    0.926544240   -6.217341728   -6.217303774   -5.736978598
    0.951585977   -5.863330248   -5.863294355   -5.026686163
    0.976627713   -5.430136633   -5.430102803   -4.351052874
    1.001669449   -4.944734855   -4.944703059   -3.706891277
    1.026711185   -4.428766997   -4.428737189   -3.091253747
    1.051752922   -3.898320599   -3.898292716   -2.501419887
    1.076794658   -3.364690341   -3.364664310   -1.934889241
    1.101836394   -2.835415205   -2.835390952   -1.389381186
    1.126878130   -2.315258912   -2.315236359   -0.862844698
    1.151919866   -1.807018322   -1.806997394   -0.353481708
    1.176961603   -1.312148186   -1.312128808    0.140210585
    1.202003339   -0.831231139   -0.831213241    0.619370847
    1.227045075   -0.364332496   -0.364316010    1.084667563
    1.252086811    0.088721785    0.088736922    1.536141226
    1.277128548    0.528110020    0.528123869    1.972975621
    1.302170284    0.953792811    0.953805432    2.393174800
    1.327212020    1.365277607    1.365289055    2.793121079
    1.352253756    1.761346594    1.761356924    3.166997114
    1.377295492    2.139731624    2.139740892    3.506084024
    1.402337229    2.496737038    2.496745302    3.798019142
    1.427378965    2.826850854    2.826858172    4.026244431
    1.452420701    3.122463920    3.122470356    4.170134271
    1.477462437    3.373948390    3.373954004    4.206644928
    1.502504174    3.570507197    3.570512046    4.114577801
    1.527545910    3.702265816    3.702269937    3.882124780
    1.552587646    3.763744053    3.763747454    3.516469878
    1.577629382    3.757815293    3.757817940    3.050967456
    1.602671119    3.697821125    3.697822948    2.543487682
    1.627712855    3.605135003    3.605135932    2.063016938
    1.652754591    3.501765355    3.501765364    1.670003049
    1.677796327    3.401465681    3.401464826    1.401251460
    1.702838063    3.304392086    3.304390514    1.266227387
    1.727879800    3.197832885    3.197830819    1.253052975
    1.752921536    3.061754445    3.061752151    1.337899148
    1.777963272    2.876062137    2.876059894    1.492716355
    1.803005008    2.626764802    2.626762876    1.689536522
    1.828046745    2.309608651    2.309607271    1.901801064
    1.853088481    1.931524364    1.931523693    2.103877268
    1.878130217    1.511034031    1.511034128    2.269875265
    1.903171953    1.077255759    1.077256555    2.372744285
    1.928213689    0.665341220    0.665342522    2.384677666
    1.953255426    0.307985091    0.307986639    2.279983123
    1.978297162    0.027037410    0.027038944    2.041275608
    2.003338898   -0.169661325   -0.169660012    1.668331155
    2.028380634   -0.285221682   -0.285220724    1.185958159
    2.053422371   -0.327952819   -0.327952284    0.644731535
    2.078464107   -0.307047390   -0.307047305    0.110396774
    2.103505843   -0.231187060   -0.231187433   -0.354714704
    2.128547579   -0.108911899   -0.108912736   -0.708239903
    2.153589316    0.050972273    0.050970963   -0.934029089
    2.178631052    0.239655635    0.239653840   -1.037887758
    2.203672788    0.448969212    0.448966921   -1.038446790
    2.228714524    0.671922271    0.671919474   -0.958666785
    2.253756260    0.902907678    0.902904371   -0.820390440
    2.278797997    1.137607131    1.137603315   -0.641852039
    2.303839733    1.372718697    1.372714379   -0.437117864
    2.328881469    1.605610248    1.605605442   -0.216483415
    2.353923205    1.833954049    1.833948776    0.012797763
    2.378964942    2.055359440    2.055353735    0.245769666
    2.404006678    2.267002269    2.266996182    0.479137891
    2.429048414    2.465252368    2.465245970    0.710768856
    2.454090150    2.645327335    2.645320725    0.939309883
    2.479131886    2.801060090    2.801053402    1.163902870
    2.504173623    2.924964922    2.924958325    1.383962869
    2.529215359    3.008900660    3.008894358    1.598995090
    2.554257095    3.045663874    3.045658084    1.808426599
    2.579298831    3.031588484    3.031583404    2.011432613
    2.604340568    2.969469157    2.969464920    2.206743143
    2.629382304    2.870093793    2.870090430    2.392425179
    2.654424040    2.750454908    2.750452344    2.565652055
    2.679465776    2.628441193    2.628439275    2.722504295
    2.704507513    2.516610293    2.516608846    2.857907944
    2.729549249    2.418694401    2.418693271    2.965910089
    2.754590985    2.330610312    2.330609386    3.040578935
    2.779632721    2.244991025    2.244990218    3.077773941
    2.804674457    2.156793025    2.156792265    3.077652457
    2.829716194    2.067407770    2.067406973    3.046977626
    2.854757930    1.985354908    1.985353987    2.999551792
    2.879799666    1.923213501    1.923212371    2.953517584
    2.904841402    1.892628961    1.892627557    2.926273668
    2.929883139    1.900320690    1.900318969    2.929703449
    2.954924875    1.946880389    1.946878331    2.968124252
    2.979966611    2.028020815    2.028018416    3.039177855
    3.005008347    2.136776347    2.136773614    3.136163382
    3.030050083    2.265396827    2.265393778    3.250249191
    3.055091820    2.406455272    2.406451936    3.371862076
    3.080133556    2.553260341    2.553256757    3.491327329
    3.105175292    2.699877119    2.699873337    3.599195037
    3.130217028    2.841066643    2.841062725    3.686752325
    3.155258765    2.972394658    2.972390675    3.747096660
    3.180300501    3.090657301    3.090653319    3.776773334
    3.205342237    3.194566297    3.194562370    3.777301629
    3.230383973    3.285312196    3.285308345    3.755274288
    3.255425710    3.366384994    3.366381210    3.719981182
    3.280467446    3.442262058    3.442258305    3.679111734
    3.305509182    3.516335025    3.516331263    3.634820128
    3.330550918    3.589104578    3.589100777    3.582471103
    3.355592654    3.657550614    3.657546771    3.512781155
    3.380634391    3.715882426    3.715878562    3.416506430
    3.405676127    3.757295391    3.757291542    3.290045999
    3.430717863    3.776146224    3.776142423    3.139756166
    3.455759599    3.769829690    3.769825958    2.982470903
    3.480801336    3.739509052    3.739505391    2.841013401
    3.505843072    3.689155270    3.689151679    2.736618374
    3.530884808    3.623408297    3.623404785    2.682498494
    3.555926544    3.545847528    3.545844123    2.681626644
    3.580968280    3.458980512    3.458977246    2.728487629
    3.606010017    3.365559651    3.365556540    2.812474931
    3.631051753    3.269498831    3.269495870    2.920874475
    3.656093489    3.175196365    3.175193531    3.040655711
    3.681135225    3.085751859    3.085749130    3.159265022
    3.706176962    3.001412170    3.001409529    3.264983709
    3.731218698    2.919063086    2.919060525    3.347363561
    3.756260434    2.832953175    2.832950678    3.397935301
    3.781302170    2.736707189    2.736704715    3.410881403
    3.806343907    2.626279015    2.626276466    3.382980212
    3.831385643    2.502523785    2.502521007    3.312448256
    3.856427379    2.371636298    2.371633111    3.197475833
    3.881469115    2.242866037    2.242862285    3.036164578
    3.906510851    2.124937796    2.124933400    2.828791615
    3.931552588    2.023391857    2.023386831    2.581124415
    3.956594324    1.939935443    1.939929877    2.306062403
    3.981636060    1.873496797    1.873490821    2.021976758
    4.006677796    1.822222342    1.822216079    1.748919999
    4.031719533    1.785566484    1.785560024    1.505297958
    4.056761269    1.765377476    1.765370860    1.306090755
    4.081803005    1.765161429    1.765154666    1.161696696
    4.106844741    1.787919418    1.787912504    1.076704349
    4.131886477    1.834045608    1.834038551    1.049323652
    4.156928214    1.900534963    1.900527790    1.072309503
    4.181969950    1.981571046    1.981563804    1.135041467
    4.207011686    2.069767150    2.069759896    1.225689206
    4.232053422    2.157411650    2.157404443    1.332670704
    4.257095159    2.237541208    2.237534100    1.445249597
    4.282136895    2.304972129    2.304965148    1.553545620
    4.307178631    2.357336110    2.357329256    1.648381480
    4.332220367    2.395782998    2.395776232    1.721403283
    4.357262104    2.424742997    2.424736257    1.765860409
    4.382303840    2.450490558    2.450483780    1.778211969
    4.407345576    2.479110458    2.479103599    1.760164139
    4.432387312    2.514898525    2.514891577    1.719947886
    4.457429048    2.559683760    2.559676747    1.671364576
    4.482470785    2.612781928    2.612774895    1.630221718
    4.507512521    2.671190003    2.671183010    1.609764905
    4.532554257    2.730015879    2.730008989    1.617584470
    4.557595993    2.783339163    2.783332437    1.655225843
    4.582637730    2.825572866    2.825566349    1.719821694
    4.607679466    2.853145883    2.853139588    1.806286383
    4.632721202    2.866021985    2.866015876    1.909052126
    4.657762938    2.868314651    2.868308636    2.023060387
    4.682804674    2.867415096    2.867409037    2.144159730
    4.707846411    2.871803838    2.871797585    2.269169314
    4.732888147    2.888520933    2.888514357    2.395808834
    4.757929883    2.921386039    2.921379065    2.522593775
    4.782971619    2.970477230    2.970469847    2.648703797
    4.808013356    3.032676589    3.032668841    2.773781911
    4.833055092    3.102740532    3.102732499    2.897639071
    4.858096828    3.174442543    3.174434321    3.019914631
    4.883138564    3.241627543    3.241619220    3.139808662
    4.908180301    3.299176506    3.299168147    3.255990101
    4.933222037    3.343783889    3.343775530    3.366720713
    4.958263773    3.374297338    3.374288977    3.470194979
    4.983305509    3.391472210    3.391463822    3.565088347
    5.008347245    3.397349489    3.397341039    3.651253035
    5.033388982    3.394626918    3.394618374    3.730333537
    5.058430718    3.386117281    3.386108639    3.805879765
    5.083472454    3.374155283    3.374146572    3.882605963
    5.108514190    3.360090136    3.360081418    3.964956463
    5.133555927    3.344360671    3.344352023    4.055704309
    5.158597663    3.327377802    3.327369283    4.155285707
    5.183639399    3.310684543    3.310676166    4.261982595
    5.208681135    3.297486885    3.297478604    4.372568735
    5.233722871    3.292080726    3.292072439    4.483004324
    5.258764608    3.298487073    3.298478657    4.588975006
    5.283806344    3.319039649    3.319031003    4.686204309
    5.308848080    3.353544457    3.353535539    4.770498627
    5.333889816    3.399255474    3.399246314    4.837582202
    5.358931553    3.451576161    3.451566850    4.882976748
    5.383973289    3.505180983    3.505171642    4.902213697
    5.409015025    3.555136490    3.555127236    4.891343743
    5.434056761    3.597586735    3.597577656    4.847369158
    5.459098497    3.629723509    3.629714651    4.768422376
    5.484140234    3.649107906    3.649099288    4.654088020
    5.509181970    3.652761708    3.652753337    4.506285344
    5.534223706    3.636569413    3.636561311    4.330236702
    5.559265442    3.595394727    3.595386930    4.134243682
    5.584307179    3.524056144    3.524048688    3.927482828
    5.609348915    3.419038458    3.419031352    3.716756029
    5.634390651    3.280535991    3.280529185    3.504563083
    5.659432387    3.114089369    3.114082744    3.290351514
    5.684474124    2.930851074    2.930844456    3.074431302
    5.709515860    2.745768098    2.745761306    2.861724699
    5.734557596    2.573900918    2.573893816    2.662222058
    5.759599332    2.426332013    2.426324546    2.487289549
    5.784641068    2.307711163    2.307703363    2.344206990
    5.809682805    2.216656487    2.216648438    2.232606178
    5.834724541    2.148401611    2.148393404    2.144787771
    5.859766277    2.097734955    2.097726658    2.069263429
    5.884808013    2.060514938    2.060506584    1.995479844
    5.909849750    2.033562720    2.033554315    1.917648678
    5.934891486    2.014099529    2.014091060    1.836269035
    5.959933222    1.999869992    1.999861433    1.757082220
    5.984974958    1.989939157    1.989930464    1.688409936
    6.010016694    1.985226537    1.985217653    1.638237303
    6.035058431    1.988000129    1.987990997    1.611953634
    6.060100167    2.000474166    2.000464750    1.611110020
    6.085141903    2.023385443    2.023375742    1.633160359
    6.110183639    2.055308807    2.055298854    1.671836840
    6.135225376    2.092793327    2.092783178    1.717797281
    6.160267112    2.130962563    2.130952286    1.759492320
    6.185308848    2.164271209    2.164260872    1.784450881
    6.210350584    2.187234356    2.187224021    1.781174940
    6.235392321    2.194983619    2.194973341    1.741625117
    6.260434057    2.183726957    2.183716780    1.663855568
    6.285475793    2.151515632    2.151505584    1.553816401
    6.310517529    2.099549209    2.099539280    1.425154337
    6.335559265    2.033390984    2.033381118    1.296446194
    6.360601002    1.962774017    1.962764125    1.186538094
    6.385642738    1.899245863    1.899235852    1.109844161
    6.410684474    1.852570217    1.852560033    1.073670092
    6.435726210    1.827914548    1.827904197    1.078413029
    6.460767947    1.825178282    1.825167825    1.119741168
    6.485809683    1.840209879    1.840199417    1.191080726
    6.510851419    1.866781474    1.866771124    1.285301046
    6.535893155    1.898437423    1.898427295    1.395489991
    6.560934891    1.929933062    1.929923249    1.515243440
    6.585976628    1.958243885    1.958234442    1.638821918
    6.611018364    1.983001380    1.982992318    1.761253984
    6.636060100    2.006101144    2.006092430    1.878331917
    6.661101836    2.030512862    2.030504433    1.986496017
    6.686143573    2.058835224    2.058827006    2.082705876
    6.711185309    2.092297671    2.092289599    2.164424601
    6.736227045    2.130531992    2.130524017    2.229786213
    6.761268781    2.171966506    2.171958597    2.277942619
    6.786310518    2.214508292    2.214500429    2.309487127
    6.811352254    2.256187700    2.256179869    2.326644377
    6.836393990    2.295485177    2.295477365    2.332752248
    6.861435726    2.331232679    2.331224878    2.330896775
    6.886477462    2.362326994    2.362319198    2.322393228
    6.911519199    2.387659112    2.387651317    2.306230326
    6.936560935    2.406322334    2.406314539    2.279964925
    6.961602671    2.417689455    2.417681654    2.241500819
    6.986644407    2.421054200    2.421046382    2.190694140
    7.011686144    2.415156841    2.415148990    2.129953978
    7.036727880    2.398196896    2.398188988    2.063561918
    7.061769616    2.368466854    2.368458857    1.996104286
    7.086811352    2.325146770    2.325138648    1.930946453
    7.111853088    2.268764087    2.268755805    1.869604961
    7.136894825    2.201218936    2.201210459    1.812219627
    7.161936561    2.125549297    2.125540594    1.758709437
    7.186978297    2.045560760    2.045551805    1.709932110
    7.212020033    1.965352923    1.965343696    1.668208689
    7.237061770    1.888844726    1.888835218    1.636944565
    7.262103506    1.819435271    1.819425482    1.619624414
    7.287145242    1.759787953    1.759777895    1.618724179
    7.312186978    1.711603667    1.711593364    1.634919603
    7.337228715    1.675345067    1.675334549    1.666734576
    7.362270451    1.650093951    1.650083256    1.710687194
    7.387312187    1.633825182    1.633814346    1.761902310
    7.412353923    1.624195058    1.624184111    1.815005767
    7.437395659    1.619538751    1.619527713    1.865056996
    7.462437396    1.619477079    1.619465955    1.908339257
    7.487479132    1.624684452    1.624673231    1.942852114
    7.512520868    1.635940455    1.635929118    1.968306739
    7.537562604    1.653092889    1.653081412    1.985505232
    7.562604341    1.674540713    1.674529077    1.995278649
    7.587646077    1.697433623    1.697421815    1.997459823
    7.612687813    1.718448243    1.718436264    1.990461481
    7.637729549    1.734863200    1.734851060    1.971807331
    7.662771285    1.745537706    1.745525424    1.939383939
    7.687813022    1.751346948    1.751334545    1.892589604
    7.712854758    1.754874359    1.754861861    1.832600884
    7.737896494    1.759594575    1.759582012    1.761746356
    7.762938230    1.768976286    1.768963693    1.682644507
    7.787979967    1.785790250    1.785777664    1.597641803
    7.813021703    1.811721645    1.811709104    1.508642724
    7.838063439    1.847281444    1.847268982    1.417400150
    7.863105175    1.891890410    1.891878054    1.326391218
    7.888146912    1.943941251    1.943929016    1.239836956
    7.913188648    2.000755147    2.000743037    1.163788017
    7.938230384    2.058541013    2.058529027    1.104697387
    7.963272120    2.112567246    2.112555382    1.067290252
    7.988313856    2.157712716    2.157700973    1.053178443
    8.013355593    2.189407156    2.189395536    1.060881279
    8.038397329    2.204758054    2.204746557    1.086836781
    8.063439065    2.203477810    2.203466432    1.126690484
    8.088480801    2.188183022    2.188171757    1.176414263
    8.113522538    2.163802804    2.163791642    1.233010036
    8.138564274    2.136190099    2.136179029    1.294624959
    8.163606010    2.110491660    2.110480672    1.360076307
    8.188647746    2.090092481    2.090081563    1.428038868
    8.213689482    2.076610740    2.076599878    1.496286671
    8.238731219    2.070633339    2.070622515    1.561325123
    8.263772955    2.072398449    2.072387643    1.618576839
    8.288814691    2.081908784    2.081897977    1.663114404
    8.313856427    2.098640981    2.098630157    1.690803739
    8.338898164    2.121388287    2.121377428    1.699563737
    8.363939900    2.148554893    2.148543982    1.690246968
    8.388981636    2.178746012    2.178735027    1.666588147
    8.414023372    2.211213099    2.211202019    1.634008749
    8.439065109    2.245794714    2.245783533    1.597766651
    8.464106845    2.282364654    2.282353385    1.561474842
    8.489148581    2.320188687    2.320177377    1.526798453
    8.514190317    2.357667895    2.357656613    1.494251783
    8.539232053    2.392643846    2.392632683    1.464256652
    8.564273790    2.423044035    2.423033078    1.437662315
    8.589315526    2.447460413    2.447449737    1.415606087
    8.614357262    2.465351404    2.465341057    1.399164665
    8.639398998    2.476809221    2.476799220    1.389201147
    8.664440735    2.482043607    2.482033945    1.386378028
    8.689482471    2.480824118    2.480814769    1.391073088
    8.714524207    2.472165604    2.472156540    1.403130386
    8.739565943    2.454507503    2.454498703    1.421665565
    8.764607679    2.426397637    2.426389095    1.445128670
    8.789649416    2.387351432    2.387343153    1.471569509
    8.814691152    2.338457603    2.338449596    1.498901420
    8.839732888    2.282528218    2.282520492    1.525022887
    8.864774624    2.223808713    2.223801270    1.547762221
    8.889816361    2.167274271    2.167267096    1.564722868
    8.914858097    2.117614732    2.117607787    1.573281422
    8.939899833    2.078297633    2.078290861    1.571026181
    8.964941569    2.051200249    2.051193586    1.556610158
    8.989983306    2.036906722    2.036900112    1.530570400
    9.015025042    2.035246003    2.035239411    1.495595956
    9.040066778    2.045568483    2.045561893    1.456100596
    9.065108514    2.066639772    2.066633183    1.417358909
    9.090150250    2.096418343    2.096411759    1.384503722
    9.115191987    2.132065862    2.132059278    1.361552513
    9.140233723    2.170364929    2.170358335    1.350708993
    9.165275459    2.208471673    2.208465046    1.352265533
    9.190317195    2.244713117    2.244706420    1.365119576
    9.215358932    2.279016088    2.279009266    1.387484930
    9.240400668    2.312651192    2.312644183    1.417393618
    9.265442404    2.347359104    2.347351846    1.452987931
    9.290484140    2.384364048    2.384356491    1.492819572
    9.315525876    2.423831324    2.423823432    1.536173646
    9.340567613    2.464891661    2.464883411    1.583175128
    9.365609349    2.505911832    2.505903207    1.634480466
    9.390651085    2.544685515    2.544676500    1.690661786
    9.415692821    2.578515107    2.578505682    1.751641082
    9.440734558    2.604354582    2.604344727    1.816480769
    9.465776294    2.619144553    2.619134248    1.883532214
    9.490818030    2.620320782    2.620310021    1.950697096
    9.515859766    2.606364431    2.606353229    2.015608021
    9.540901503    2.577222044    2.577210448    2.075760830
    9.565943239    2.534439607    2.534427690    2.128728786
    9.590984975    2.480961914    2.480949759    2.172493835
    9.616026711    2.420699216    2.420686896    2.205822359
    9.641068447    2.357978170    2.357965736    2.228577966
    9.666110184    2.296911798    2.296899281    2.241850802
    9.691151920    2.240782776    2.240770196    2.247818893
    9.716193656    2.191652001    2.191639374    2.249378128
    9.741235392    2.150288566    2.150275912    2.249652052
    9.766277129    2.116276886    2.116264227    2.251427804
    9.791318865    2.088161345    2.088148710    2.256522132
    9.816360601    2.063706165    2.063693589    2.265194546
    9.841402337    2.040397487    2.040385015    2.275837151
    9.866444073    2.016118207    2.016105888    2.285129256
    9.891485810    1.989756562    1.989744436    2.288715342
    9.916527546    1.961522348    1.961510439    2.282311765
    9.941569282    1.932889101    1.932877412    2.262977011
    9.966611018    1.906235832    1.906224353    2.230157486
    9.991652755    1.884290509    1.884279231    2.186084603
   10.016694491    1.869402703    1.869391629    2.135178417
   10.041736227    1.862708698    1.862697838    2.082461546
   10.066777963    1.863448157    1.863437528    2.031603556
   10.091819699    1.868771218    1.868760837    1.983610286
   10.116861436    1.874145599    1.874135481    1.936835621
   10.141903172    1.874162444    1.874152593    1.888140067
   10.166944908    1.863447714    1.863438115    1.834404262
   10.191986644    1.837476081    1.837466700    1.773646658
   10.217028381    1.793187497    1.793178286    1.705449667
   10.242070117    1.729394278    1.729385189    1.630822051
   10.267111853    1.647024079    1.647015071    1.551777834
   10.292153589    1.549188747    1.549179785    1.470780326
   10.317195326    1.440941299    1.440932342    1.390048118
   10.342237062    1.328595382    1.328586379    1.310902876
   10.367278798    1.218697405    1.218688295    1.233655133
   10.392320534    1.116914628    1.116905354    1.158331378
   10.417362270    1.027060858    1.027051381    1.085824327
   10.442404007    0.950400842    0.950391146    1.018564886
   10.467445743    0.885433117    0.885423214    0.960114503
   10.492487479    0.828382776    0.828372702    0.913895244
   10.517529215    0.774391547    0.774381350    0.881872288
   10.542570952    0.718997088    0.718986820    0.863911806
   10.567612688    0.659342153    0.659331850    0.857994723
   10.592654424    0.594777689    0.594767359    0.861003033
   10.617696160    0.526829600    0.526819220    0.869616147
   10.642737896    0.458633253    0.458622766    0.880910202
   10.667779633    0.394025454    0.394014779    0.892511864
   10.692821369    0.336643042    0.336632092    0.902497761
   10.717863105    0.289381455    0.289370154    0.909382576
   10.742904841    0.254278207    0.254266512    0.912348074
   10.767946578    0.232598016    0.232585926    0.911491566
   10.792988314    0.224858166    0.224845726    0.907692685
   10.818030050    0.230669670    0.230656965    0.901959583
   10.843071786    0.248467888    0.248455023    0.894645205
   10.868113523    0.275362502    0.275349578    0.885202823
   10.893155259    0.307292528    0.307279627    0.872801514
   10.918196995    0.339472683    0.339459858    0.857403782
   10.943238731    0.367016351    0.367003625    0.840522448
   10.968280467    0.385667972    0.385655352    0.825170757
   10.993322204    0.392569526    0.392557016    0.815106465
   11.018363940    0.386839882    0.386827497    0.813782592
   11.043405676    0.369663520    0.369651295    0.823403462
   11.068447412    0.343774369    0.343762359    0.844407240
   11.093489149    0.312563019    0.312551292    0.875559896
   11.118530885    0.279210009    0.279198626    0.914530460
   11.143572621    0.246148677    0.246137674    0.958531131
   11.168614357    0.214957058    0.214946438    1.004685417
   11.193656093    0.186615900    0.186605630    1.050157984
   11.218697830    0.161957071    0.161947089    1.092308469
   11.243739566    0.142067238    0.142057463    1.129010171
   11.268781302    0.128436700    0.128427043    1.159025674
   11.293823038    0.122744295    0.122734662    1.182229494
   11.318864775    0.126331873    0.126322178    1.199531228
   11.343906511    0.139613855    0.139604022    1.212453907
   11.368948247    0.161752930    0.161742905    1.222427102
   11.393989983    0.190781242    0.190770987    1.230015471
   11.419031720    0.224050687    0.224040173    1.234456789
   11.444073456    0.258724268    0.258713474    1.233838867
   11.469115192    0.292112099    0.292101018    1.225936248
   11.494156928    0.321861485    0.321850126    1.209315522
   11.519198664    0.346093356    0.346081749    1.184059228
   11.544240401    0.363506072    0.363494262    1.151615980
   11.569282137    0.373407361    0.373395397    1.113909319
   11.594323873    0.375684206    0.375672134    1.072470279
   11.619365609    0.370786399    0.370774256    1.028334696
   11.644407346    0.359755628    0.359743441    0.982672968
   11.669449082    0.344214977    0.344202766    0.937315795
   11.694490818    0.326197336    0.326185115    0.894369644
   11.719532554    0.307785326    0.307773103    0.855036638
   11.744574290    0.290662649    0.290650427    0.818615190
   11.769616027    0.275757773    0.275745552    0.782566943
   11.794657763    0.263162522    0.263150306    0.743712943
   11.819699499    0.252376694    0.252364495    0.699901830
   11.844741235    0.242710319    0.242698155    0.651259765
   11.869782972    0.233586411    0.233574309    0.600333238
   11.894824708    0.224667930    0.224655910    0.551014722
   11.919866444    0.215962488    0.215950557    0.506860917
   11.944908180    0.207991272    0.207979420    0.469734968
   11.969949917    0.201823537    0.201811742    0.439327542
   11.994991653    0.198732398    0.198720634    0.413416401
   12.020033389    0.199569315    0.199557560    0.388394179
   12.045075125    0.204266964    0.204255203    0.359857428
   12.070116861    0.211783416    0.211771639    0.323451957
   12.095158598    0.220457629    0.220445828    0.276149431
   12.120200334    0.228532834    0.228521000    0.217653998
   12.145242070    0.234614186    0.234602314    0.151178668
   12.170283806    0.237932350    0.237920445    0.082907488
   12.195325543    0.238385480    0.238373555    0.020181714
   12.220367279    0.236388521    0.236376591   -0.030701844
   12.245409015    0.232582185    0.232570261   -0.065986226
   12.270450751    0.227488552    0.227476638   -0.084757082
   12.295492487    0.221219185    0.221207278   -0.088355082
   12.320534224    0.213301965    0.213290060   -0.079523100
   12.345575960    0.202670626    0.202658717   -0.061714918
   12.370617696    0.187902106    0.187890191   -0.038630062
   12.395659432    0.167759938    0.167748013   -0.013836566
   12.420701169    0.141913703    0.141901768    0.009628147
   12.445742905    0.111497151    0.111485208    0.029650352
   12.470784641    0.079163397    0.079151447    0.045290523
   12.495826377    0.048537488    0.048525531    0.056747615
   12.520868114    0.023287775    0.023275805    0.065010973
   12.545909850    0.006218841    0.006206847    0.071338930
   12.570951586   -0.001287567   -0.001299604    0.076753876
   12.595993322    0.000606911    0.000594811    0.081665120
   12.621035058    0.010439031    0.010426846    0.085701084
   12.646076795    0.025951944    0.025939653    0.087889158
   12.671118531    0.044766388    0.044753977    0.087246599
   12.696160267    0.065017823    0.065005289    0.083548306
   12.721202003    0.085682732    0.085670086    0.077788963
   12.746243740    0.106429759    0.106417027    0.071990954
   12.771285476    0.127125959    0.127113174    0.068486953
   12.796327212    0.147358055    0.147345252    0.069155471
   12.821368948    0.166286562    0.166273772    0.074938696
   12.846410684    0.182904441    0.182891689    0.085598651
   12.871452421    0.196522981    0.196510278    0.099599120
   12.896494157    0.207180134    0.207167478    0.114229860
   12.921535893    0.215724041    0.215711419    0.126178950
   12.946577629    0.223547937    0.223535328    0.132534609
   12.971619366    0.232143451    0.232130835    0.131870048
   12.996661102    0.242620829    0.242608195    0.124893545
   13.021702838    0.255247411    0.255234761    0.114276391
   13.046744574    0.269096475    0.269083832    0.103674210
   13.071786311    0.282002321    0.281989724    0.096390158
   13.096828047    0.290959517    0.290947014    0.094289190
   13.121869783    0.292868682    0.292856315    0.097362671
   13.146911519    0.285327509    0.285315300    0.103975594
   13.171953255    0.267177849    0.267165786    0.111588217
   13.196994992    0.238709501    0.238697536    0.117679213
   13.222036728    0.201583462    0.201571524    0.120585815
   13.247078464    0.158547189    0.158535189    0.119962549
   13.272120200    0.112958276    0.112946130    0.116635075
   13.297161937    0.068161674    0.068149313    0.111913938
   13.322203673    0.026883645    0.026871026    0.106808302
   13.347245409   -0.009142808   -0.009155703    0.101628972
   13.372287145   -0.039233177   -0.039246350    0.096066451
   13.397328881   -0.063597812   -0.063611256    0.089436357
   13.422370618   -0.083152367   -0.083166080    0.080810357
   13.447412354   -0.099347849   -0.099361839    0.069015440
   13.472454090   -0.113932012   -0.113946297    0.052628609
   13.497495826   -0.128540669   -0.128555266    0.030094827
   13.522537563   -0.144167485   -0.144182397    0.000065891
   13.547579299   -0.160765035   -0.160780244   -0.038050372
   13.572621035   -0.177277632   -0.177293090   -0.083542593
   13.597662771   -0.192186286   -0.192201926   -0.134188752
   13.622704508   -0.204307293   -0.204323034   -0.186620843
   13.647746244   -0.213399861   -0.213415624   -0.237176989
   13.672787980   -0.220248021   -0.220263743   -0.282853061
   13.697829716   -0.226199346   -0.226214987   -0.321929190
   13.722871452   -0.232443789   -0.232459330   -0.354081635
   13.747913189   -0.239428758   -0.239444202   -0.380047376
   13.772954925   -0.246706808   -0.246722165   -0.401043845
   13.797996661   -0.253266846   -0.253282132   -0.418202589
   13.823038397   -0.258126882   -0.258142117   -0.432245311
   13.848080134   -0.260828811   -0.260844023   -0.443477813
   13.873121870   -0.261577541   -0.261592764   -0.451984958
   13.898163606   -0.261034359   -0.261049637   -0.457812203
   13.923205342   -0.259997916   -0.260013295   -0.460992987
   13.948247078   -0.259221115   -0.259236641   -0.461494782
   13.973288815   -0.259430793   -0.259446506   -0.459305116
   13.998330551   -0.261403677   -0.261419604   -0.454729529
   14.023372287   -0.265900343   -0.265916494   -0.448650841
   14.048414023   -0.273422869   -0.273439229   -0.442439423
   14.073455760   -0.283961325   -0.283977853   -0.437530071
   14.098497496   -0.296904727   -0.296921356   -0.434993094
   14.123539232   -0.311146383   -0.311163023   -0.435376010
   14.148580968   -0.325322356   -0.325338904   -0.438794739
   14.173622705   -0.338126657   -0.338143008   -0.445046276
   14.198664441   -0.348631272   -0.348647331   -0.453570968
   14.223706177   -0.356499631   -0.356515323   -0.463321400
   14.248747913   -0.362002799   -0.362018082   -0.472754019
   14.273789649   -0.365825076   -0.365839937   -0.480077037
   14.298831386   -0.368730755   -0.368745211   -0.483651786
   14.323873122   -0.371234961   -0.371249047   -0.482303059
   14.348914858   -0.373435907   -0.373449666   -0.475386288
   14.373956594   -0.375084083   -0.375097551   -0.462688951
   14.398998331   -0.375830325   -0.375843529   -0.444363927
   14.424040067   -0.375506798   -0.375519754   -0.420981713
   14.449081803   -0.374310029   -0.374322745   -0.393610057
   14.474123539   -0.372839351   -0.372851833   -0.363791809
   14.499165275   -0.372004903   -0.372017164   -0.333375788
   14.524207012   -0.372823369   -0.372835432   -0.304228678
   14.549248748   -0.376130013   -0.376141911   -0.277893224
   14.574290484   -0.382286163   -0.382297936   -0.255300309
   14.599332220   -0.390992496   -0.391004187   -0.236657331
   14.624373957   -0.401277298   -0.401288952   -0.221559945
   14.649415693   -0.411649383   -0.411661041   -0.209242812
   14.674457429   -0.420361013   -0.420372711   -0.198815341
   14.699499165   -0.425739461   -0.425751229   -0.189387106
   14.724540902   -0.426556499   -0.426568365   -0.180118999
   14.749582638   -0.422345456   -0.422357436   -0.170305670
   14.774624374   -0.413503994   -0.413516098   -0.159517098
   14.799666110   -0.401086667   -0.401098894   -0.147699299
   14.824707846   -0.386389630   -0.386401972   -0.135129233
   14.849749583   -0.370558496   -0.370570944   -0.122243962
   14.874791319   -0.354385896   -0.354398439   -0.109469837
   14.899833055   -0.338308564   -0.338321194   -0.097150886
   14.924874791   -0.322518133   -0.322530841   -0.085552939
   14.949916528   -0.307103998   -0.307116773   -0.074855916
   14.974958264   -0.292191009   -0.292203838   -0.065119427
   15.000000000   -0.278046204   -0.278059071   -0.056288832
