k-value Original_E Fitted_E
0.103900 8.476800 8.476801
0.105100 8.475200 8.475179
0.106200 8.473800 8.473847
0.107400 8.472600 8.472564
0.108500 8.471500 8.471545
0.109700 8.470600 8.470602
0.110900 8.469900 8.469837
0.112000 8.469300 8.469292
0.113200 8.468900 8.468868
0.114300 8.468600 8.468635
0.115500 8.468500 8.468550
0.116600 8.468600 8.468629
0.117800 8.468900 8.468885
0.118900 8.469300 8.469276
0.120100 8.469900 8.469872
0.121200 8.470600 8.470575
0.122400 8.471500 8.471511
0.123600 8.472600 8.472625
0.124700 8.473800 8.473803
0.125900 8.475200 8.475257
0.127000 8.476800 8.476746
