k-value Original_E Fitted_E
0.102800 5.943700 5.943753
0.103900 5.944000 5.943956
0.105100 5.944200 5.944157
0.106200 5.944300 5.944322
0.107400 5.944500 5.944481
0.108500 5.944600 5.944607
0.109700 5.944700 5.944724
0.110900 5.944800 5.944818
0.112000 5.944900 5.944886
0.113200 5.944900 5.944938
0.114300 5.945000 5.944967
0.115500 5.945000 5.944978
0.116600 5.945000 5.944968
0.117800 5.944900 5.944937
0.118900 5.944900 5.944889
0.120100 5.944800 5.944815
0.121200 5.944700 5.944728
0.122400 5.944600 5.944613
0.123600 5.944500 5.944475
0.124700 5.944300 5.944329
0.125900 5.944200 5.944150
0.127000 5.944000 5.943966
0.128200 5.943700 5.943744
