k-value Original_E Fitted_E
0.103900 9.323000 9.323027
0.105100 9.321800 9.321745
0.106200 9.320700 9.320692
0.107400 9.319700 9.319679
0.108500 9.318800 9.318873
0.109700 9.318100 9.318128
0.110900 9.317500 9.317524
0.112000 9.317100 9.317093
0.113200 9.316800 9.316758
0.114300 9.316600 9.316574
0.115500 9.316500 9.316507
0.116600 9.316600 9.316569
0.117800 9.316800 9.316772
0.118900 9.317100 9.317080
0.120100 9.317500 9.317551
0.121200 9.318100 9.318107
0.122400 9.318800 9.318847
0.123600 9.319700 9.319727
0.124700 9.320700 9.320657
0.125900 9.321800 9.321806
0.127000 9.323000 9.322983
