======================================================================
ELECTRONIC BAND STRUCTURE POLYNOMIAL FITTING ANALYSIS (SciPy)
======================================================================
Analysis Date: 2026-07-22 10:21:29
Input File: CB3-Conduction-Band.dat
Number of data points: 201
Degrees of freedom: 198
k-range: 0.000000 to 0.230900
Energy range: 12.295700 to 12.648100

FITTED QUADRATIC EQUATION WITH UNCERTAINTIES:
E(k) = (-27.32055692 ± 0.15521803)k² + (6.30941431 ± 0.03703306)k + (12.27296123 ± 0.00185105)

POLYNOMIAL COEFFICIENTS:
a (k² coefficient): -27.32055692 ± 0.15521803
b (k coefficient):  6.30941431 ± 0.03703306
c (constant):       12.27296123 ± 0.00185105

PARAMETER CORRELATION MATRIX:
     a      b      c
a   1.000 -0.968  0.742
b  -0.968  1.000 -0.864
c   0.742 -0.864  1.000

SECOND DERIVATIVE:
∂²E/∂k² = -54.64111384 ± 0.31043607
Note: For effective mass calculation, use:
m* = ℏ² × (2π/a_lattice)² / |∂²E/∂k²|
where a_lattice is the lattice parameter

EXTREMUM INFORMATION WITH UNCERTAINTIES:
Type: maximum
k-position: 0.11547009 ± 0.00094325
Energy: 12.63723554 ± 0.00509858

FIT QUALITY STATISTICS:
R² (coefficient of determination): 0.99364956
Root Mean Square Error (RMSE): 0.00883462
Standard Error of Regression: 0.00883462
Degrees of Freedom: 198
✓ Very good fit (R² > 0.99)

DATA AND FITTED VALUES:
k-value		Original E	Fitted E	Residual	Std. Residual
-----------------------------------------------------------------
0.000000	12.295700	12.272961	0.022739	2.574
0.001200	12.300800	12.280493	0.020307	2.299
0.002300	12.306000	12.287328	0.018672	2.113
0.003500	12.311200	12.294709	0.016491	1.867
0.004600	12.316400	12.301406	0.014994	1.697
0.005800	12.321600	12.308637	0.012963	1.467
0.006900	12.326800	12.315195	0.011605	1.314
0.008100	12.332000	12.322275	0.009725	1.101
0.009200	12.337200	12.328695	0.008505	0.963
0.010400	12.342400	12.335624	0.006776	0.767
0.011500	12.347500	12.341906	0.005594	0.633
0.012700	12.352700	12.348684	0.004016	0.455
0.013900	12.357900	12.355383	0.002517	0.285
0.015000	12.363000	12.361455	0.001545	0.175
0.016200	12.368200	12.368004	0.000196	0.022
0.017300	12.373300	12.373937	-0.000637	-0.072
0.018500	12.378400	12.380335	-0.001935	-0.219
0.019600	12.383600	12.386130	-0.002530	-0.286
0.020800	12.388600	12.392377	-0.003777	-0.428
0.021900	12.393700	12.398034	-0.004334	-0.491
0.023100	12.398800	12.404130	-0.005330	-0.603
0.024200	12.403800	12.409649	-0.005849	-0.662
0.025400	12.408900	12.415594	-0.006694	-0.758
0.026600	12.413900	12.421461	-0.007561	-0.856
0.027700	12.418900	12.426769	-0.007869	-0.891
0.028900	12.423900	12.432485	-0.008585	-0.972
0.030000	12.428800	12.437655	-0.008855	-1.002
0.031200	12.433700	12.443220	-0.009520	-1.078
0.032300	12.438600	12.448252	-0.009652	-1.093
0.033500	12.443500	12.453666	-0.010166	-1.151
0.034600	12.448400	12.458560	-0.010160	-1.150
0.035800	12.453200	12.463823	-0.010623	-1.202
0.037000	12.458000	12.469008	-0.011008	-1.246
0.038100	12.462700	12.473691	-0.010991	-1.244
0.039300	12.467400	12.478725	-0.011325	-1.282
0.040400	12.472100	12.483270	-0.011170	-1.264
0.041600	12.476800	12.488153	-0.011353	-1.285
0.042700	12.481400	12.492560	-0.011160	-1.263
0.043900	12.486000	12.497292	-0.011292	-1.278
0.045000	12.490600	12.501561	-0.010961	-1.241
0.046200	12.495100	12.506142	-0.011042	-1.250
0.047300	12.499500	12.510273	-0.010773	-1.219
0.048500	12.504000	12.514703	-0.010703	-1.211
0.049700	12.508400	12.519055	-0.010655	-1.206
0.050800	12.512700	12.522975	-0.010275	-1.163
0.052000	12.517000	12.527176	-0.010176	-1.152
0.053100	12.521200	12.530958	-0.009758	-1.104
0.054300	12.525400	12.535008	-0.009608	-1.088
0.055400	12.529600	12.538652	-0.009052	-1.025
0.056600	12.533700	12.542551	-0.008851	-1.002
0.057700	12.537700	12.546056	-0.008356	-0.946
0.058900	12.541700	12.549805	-0.008105	-0.917
0.060000	12.545700	12.553172	-0.007472	-0.846
0.061200	12.549600	12.556770	-0.007170	-0.812
0.062400	12.553400	12.560289	-0.006889	-0.780
0.063500	12.557200	12.563446	-0.006246	-0.707
0.064700	12.560900	12.566814	-0.005914	-0.669
0.065800	12.564500	12.569833	-0.005333	-0.604
0.067000	12.568100	12.573050	-0.004950	-0.560
0.068100	12.571600	12.575930	-0.004330	-0.490
0.069300	12.575100	12.578997	-0.003897	-0.441
0.070400	12.578500	12.581739	-0.003239	-0.367
0.071600	12.581800	12.584655	-0.002855	-0.323
0.072700	12.585100	12.587259	-0.002159	-0.244
0.073900	12.588300	12.590024	-0.001724	-0.195
0.075100	12.591400	12.592710	-0.001310	-0.148
0.076200	12.594400	12.595103	-0.000703	-0.080
0.077400	12.597400	12.597639	-0.000239	-0.027
0.078500	12.600300	12.599894	0.000406	0.046
0.079700	12.603200	12.602279	0.000921	0.104
0.080800	12.605900	12.604396	0.001504	0.170
0.082000	12.608600	12.606630	0.001970	0.223
0.083100	12.611200	12.608608	0.002592	0.293
0.084300	12.613700	12.610692	0.003008	0.341
0.085400	12.616100	12.612532	0.003568	0.404
0.086600	12.618500	12.614464	0.004036	0.457
0.087800	12.620700	12.616318	0.004382	0.496
0.088900	12.622900	12.617948	0.004952	0.561
0.090100	12.625000	12.619651	0.005349	0.605
0.091200	12.627000	12.621143	0.005857	0.663
0.092400	12.629000	12.622695	0.006305	0.714
0.093500	12.630800	12.624048	0.006752	0.764
0.094700	12.632600	12.625450	0.007150	0.809
0.095800	12.634200	12.626665	0.007535	0.853
0.097000	12.635800	12.627915	0.007885	0.892
0.098100	12.637300	12.628992	0.008308	0.940
0.099300	12.638700	12.630092	0.008608	0.974
0.100500	12.640000	12.631113	0.008887	1.006
0.101600	12.641200	12.631980	0.009220	1.044
0.102800	12.642300	12.632850	0.009450	1.070
0.103900	12.643300	12.633578	0.009722	1.100
0.105100	12.644200	12.634298	0.009902	1.121
0.106200	12.645000	12.634888	0.010112	1.145
0.107400	12.645800	12.635456	0.010344	1.171
0.108500	12.646400	12.635908	0.010492	1.188
0.109700	12.646900	12.636326	0.010574	1.197
0.110900	12.647400	12.636665	0.010735	1.215
0.112000	12.647700	12.636907	0.010793	1.222
0.113200	12.647900	12.637095	0.010805	1.223
0.114300	12.648100	12.637198	0.010902	1.234
0.115500	12.648100	12.637236	0.010864	1.230
0.116600	12.648100	12.637201	0.010899	1.234
0.117800	12.647900	12.637087	0.010813	1.224
0.118900	12.647700	12.636914	0.010786	1.221
0.120100	12.647400	12.636650	0.010750	1.217
0.121200	12.646900	12.636339	0.010561	1.195
0.122400	12.646400	12.635924	0.010476	1.186
0.123600	12.645800	12.635430	0.010370	1.174
0.124700	12.645000	12.634908	0.010092	1.142
0.125900	12.644200	12.634264	0.009936	1.125
0.127000	12.643300	12.633604	0.009696	1.098
0.128200	12.642300	12.632808	0.009492	1.074
0.129300	12.641200	12.632010	0.009190	1.040
0.130500	12.640000	12.631064	0.008936	1.011
0.131600	12.638700	12.630127	0.008573	0.970
0.132800	12.637300	12.629030	0.008270	0.936
0.133900	12.635800	12.627956	0.007844	0.888
0.135100	12.634200	12.626708	0.007492	0.848
0.136300	12.632600	12.625382	0.007218	0.817
0.137400	12.630800	12.624097	0.006703	0.759
0.138600	12.629000	12.622619	0.006381	0.722
0.139700	12.627000	12.621196	0.005804	0.657
0.140900	12.625000	12.619568	0.005432	0.615
0.142000	12.622900	12.618006	0.004894	0.554
0.143200	12.620700	12.616227	0.004473	0.506
0.144300	12.618500	12.614528	0.003972	0.450
0.145500	12.616100	12.612598	0.003502	0.396
0.146600	12.613700	12.610760	0.002940	0.333
0.147800	12.611200	12.608679	0.002521	0.285
0.149000	12.608600	12.606520	0.002080	0.235
0.150100	12.605900	12.604472	0.001428	0.162
0.151300	12.603200	12.602162	0.001038	0.118
0.152400	12.600300	12.599975	0.000325	0.037
0.153600	12.597400	12.597514	-0.000114	-0.013
0.154700	12.594400	12.595190	-0.000790	-0.089
0.155900	12.591400	12.592578	-0.001178	-0.133
0.157000	12.588300	12.590115	-0.001815	-0.205
0.158200	12.585100	12.587352	-0.002252	-0.255
0.159300	12.581800	12.584751	-0.002951	-0.334
0.160500	12.578500	12.581838	-0.003338	-0.378
0.161700	12.575100	12.578846	-0.003746	-0.424
0.162800	12.571600	12.576034	-0.004434	-0.502
0.164000	12.568100	12.572891	-0.004791	-0.542
0.165100	12.564500	12.569942	-0.005442	-0.616
0.166300	12.560900	12.566648	-0.005748	-0.651
0.167400	12.557200	12.563560	-0.006360	-0.720
0.168600	12.553400	12.560115	-0.006715	-0.760
0.169700	12.549600	12.556889	-0.007289	-0.825
0.170900	12.545700	12.553294	-0.007594	-0.860
0.172100	12.541700	12.549620	-0.007920	-0.896
0.173200	12.537700	12.546183	-0.008483	-0.960
0.174400	12.533700	12.542359	-0.008659	-0.980
0.175500	12.529600	12.538783	-0.009183	-1.039
0.176700	12.525400	12.534808	-0.009408	-1.065
0.177800	12.521200	12.531095	-0.009895	-1.120
0.179000	12.517000	12.526968	-0.009968	-1.128
0.180100	12.512700	12.523117	-0.010417	-1.179
0.181300	12.508400	12.518840	-0.010440	-1.182
0.182400	12.504000	12.514850	-0.010850	-1.228
0.183600	12.499500	12.510422	-0.010922	-1.236
0.184800	12.495100	12.505916	-0.010816	-1.224
0.185900	12.490600	12.501715	-0.011115	-1.258
0.187100	12.486000	12.497058	-0.011058	-1.252
0.188200	12.481400	12.492720	-0.011320	-1.281
0.189400	12.476800	12.487911	-0.011111	-1.258
0.190500	12.472100	12.483435	-0.011335	-1.283
0.191700	12.467400	12.478476	-0.011076	-1.254
0.192800	12.462700	12.473861	-0.011161	-1.263
0.194000	12.458000	12.468751	-0.010751	-1.217
0.195100	12.453200	12.463998	-0.010798	-1.222
0.196300	12.448400	12.458737	-0.010337	-1.170
0.197500	12.443500	12.453398	-0.009898	-1.120
0.198600	12.438600	12.448435	-0.009835	-1.113
0.199800	12.433700	12.442944	-0.009244	-1.046
0.200900	12.428800	12.437843	-0.009043	-1.024
0.202100	12.423900	12.432202	-0.008302	-0.940
0.203200	12.418900	12.426962	-0.008062	-0.913
0.204400	12.413900	12.421170	-0.007270	-0.823
0.205500	12.408900	12.415792	-0.006892	-0.780
0.206700	12.403800	12.409849	-0.006049	-0.685
0.207800	12.398800	12.404333	-0.005533	-0.626
0.209000	12.393700	12.398240	-0.004540	-0.514
0.210200	12.388600	12.392068	-0.003468	-0.392
0.211300	12.383600	12.386341	-0.002741	-0.310
0.212500	12.378400	12.380018	-0.001618	-0.183
0.213600	12.373300	12.374153	-0.000853	-0.097
0.214800	12.368200	12.367679	0.000521	0.059
0.215900	12.363000	12.361676	0.001324	0.150
0.217100	12.357900	12.355051	0.002849	0.322
0.218200	12.352700	12.348910	0.003790	0.429
0.219400	12.347500	12.342135	0.005365	0.607
0.220500	12.342400	12.335855	0.006545	0.741
0.221700	12.337200	12.328929	0.008271	0.936
0.222900	12.332000	12.321924	0.010076	1.141
0.224000	12.326800	12.315434	0.011366	1.287
0.225200	12.321600	12.308278	0.013322	1.508
0.226300	12.316400	12.301650	0.014750	1.670
0.227500	12.311200	12.294343	0.016857	1.908
0.228600	12.306000	12.287577	0.018423	2.085
0.229800	12.300800	12.280120	0.020680	2.341
0.230900	12.295700	12.273215	0.022485	2.545
