k-value Original_E Fitted_E
0.000000 12.295700 12.272961
0.001200 12.300800 12.280493
0.002300 12.306000 12.287328
0.003500 12.311200 12.294709
0.004600 12.316400 12.301406
0.005800 12.321600 12.308637
0.006900 12.326800 12.315195
0.008100 12.332000 12.322275
0.009200 12.337200 12.328695
0.010400 12.342400 12.335624
0.011500 12.347500 12.341906
0.012700 12.352700 12.348684
0.013900 12.357900 12.355383
0.015000 12.363000 12.361455
0.016200 12.368200 12.368004
0.017300 12.373300 12.373937
0.018500 12.378400 12.380335
0.019600 12.383600 12.386130
0.020800 12.388600 12.392377
0.021900 12.393700 12.398034
0.023100 12.398800 12.404130
0.024200 12.403800 12.409649
0.025400 12.408900 12.415594
0.026600 12.413900 12.421461
0.027700 12.418900 12.426769
0.028900 12.423900 12.432485
0.030000 12.428800 12.437655
0.031200 12.433700 12.443220
0.032300 12.438600 12.448252
0.033500 12.443500 12.453666
0.034600 12.448400 12.458560
0.035800 12.453200 12.463823
0.037000 12.458000 12.469008
0.038100 12.462700 12.473691
0.039300 12.467400 12.478725
0.040400 12.472100 12.483270
0.041600 12.476800 12.488153
0.042700 12.481400 12.492560
0.043900 12.486000 12.497292
0.045000 12.490600 12.501561
0.046200 12.495100 12.506142
0.047300 12.499500 12.510273
0.048500 12.504000 12.514703
0.049700 12.508400 12.519055
0.050800 12.512700 12.522975
0.052000 12.517000 12.527176
0.053100 12.521200 12.530958
0.054300 12.525400 12.535008
0.055400 12.529600 12.538652
0.056600 12.533700 12.542551
0.057700 12.537700 12.546056
0.058900 12.541700 12.549805
0.060000 12.545700 12.553172
0.061200 12.549600 12.556770
0.062400 12.553400 12.560289
0.063500 12.557200 12.563446
0.064700 12.560900 12.566814
0.065800 12.564500 12.569833
0.067000 12.568100 12.573050
0.068100 12.571600 12.575930
0.069300 12.575100 12.578997
0.070400 12.578500 12.581739
0.071600 12.581800 12.584655
0.072700 12.585100 12.587259
0.073900 12.588300 12.590024
0.075100 12.591400 12.592710
0.076200 12.594400 12.595103
0.077400 12.597400 12.597639
0.078500 12.600300 12.599894
0.079700 12.603200 12.602279
0.080800 12.605900 12.604396
0.082000 12.608600 12.606630
0.083100 12.611200 12.608608
0.084300 12.613700 12.610692
0.085400 12.616100 12.612532
0.086600 12.618500 12.614464
0.087800 12.620700 12.616318
0.088900 12.622900 12.617948
0.090100 12.625000 12.619651
0.091200 12.627000 12.621143
0.092400 12.629000 12.622695
0.093500 12.630800 12.624048
0.094700 12.632600 12.625450
0.095800 12.634200 12.626665
0.097000 12.635800 12.627915
0.098100 12.637300 12.628992
0.099300 12.638700 12.630092
0.100500 12.640000 12.631113
0.101600 12.641200 12.631980
0.102800 12.642300 12.632850
0.103900 12.643300 12.633578
0.105100 12.644200 12.634298
0.106200 12.645000 12.634888
0.107400 12.645800 12.635456
0.108500 12.646400 12.635908
0.109700 12.646900 12.636326
0.110900 12.647400 12.636665
0.112000 12.647700 12.636907
0.113200 12.647900 12.637095
0.114300 12.648100 12.637198
0.115500 12.648100 12.637236
0.116600 12.648100 12.637201
0.117800 12.647900 12.637087
0.118900 12.647700 12.636914
0.120100 12.647400 12.636650
0.121200 12.646900 12.636339
0.122400 12.646400 12.635924
0.123600 12.645800 12.635430
0.124700 12.645000 12.634908
0.125900 12.644200 12.634264
0.127000 12.643300 12.633604
0.128200 12.642300 12.632808
0.129300 12.641200 12.632010
0.130500 12.640000 12.631064
0.131600 12.638700 12.630127
0.132800 12.637300 12.629030
0.133900 12.635800 12.627956
0.135100 12.634200 12.626708
0.136300 12.632600 12.625382
0.137400 12.630800 12.624097
0.138600 12.629000 12.622619
0.139700 12.627000 12.621196
0.140900 12.625000 12.619568
0.142000 12.622900 12.618006
0.143200 12.620700 12.616227
0.144300 12.618500 12.614528
0.145500 12.616100 12.612598
0.146600 12.613700 12.610760
0.147800 12.611200 12.608679
0.149000 12.608600 12.606520
0.150100 12.605900 12.604472
0.151300 12.603200 12.602162
0.152400 12.600300 12.599975
0.153600 12.597400 12.597514
0.154700 12.594400 12.595190
0.155900 12.591400 12.592578
0.157000 12.588300 12.590115
0.158200 12.585100 12.587352
0.159300 12.581800 12.584751
0.160500 12.578500 12.581838
0.161700 12.575100 12.578846
0.162800 12.571600 12.576034
0.164000 12.568100 12.572891
0.165100 12.564500 12.569942
0.166300 12.560900 12.566648
0.167400 12.557200 12.563560
0.168600 12.553400 12.560115
0.169700 12.549600 12.556889
0.170900 12.545700 12.553294
0.172100 12.541700 12.549620
0.173200 12.537700 12.546183
0.174400 12.533700 12.542359
0.175500 12.529600 12.538783
0.176700 12.525400 12.534808
0.177800 12.521200 12.531095
0.179000 12.517000 12.526968
0.180100 12.512700 12.523117
0.181300 12.508400 12.518840
0.182400 12.504000 12.514850
0.183600 12.499500 12.510422
0.184800 12.495100 12.505916
0.185900 12.490600 12.501715
0.187100 12.486000 12.497058
0.188200 12.481400 12.492720
0.189400 12.476800 12.487911
0.190500 12.472100 12.483435
0.191700 12.467400 12.478476
0.192800 12.462700 12.473861
0.194000 12.458000 12.468751
0.195100 12.453200 12.463998
0.196300 12.448400 12.458737
0.197500 12.443500 12.453398
0.198600 12.438600 12.448435
0.199800 12.433700 12.442944
0.200900 12.428800 12.437843
0.202100 12.423900 12.432202
0.203200 12.418900 12.426962
0.204400 12.413900 12.421170
0.205500 12.408900 12.415792
0.206700 12.403800 12.409849
0.207800 12.398800 12.404333
0.209000 12.393700 12.398240
0.210200 12.388600 12.392068
0.211300 12.383600 12.386341
0.212500 12.378400 12.380018
0.213600 12.373300 12.374153
0.214800 12.368200 12.367679
0.215900 12.363000 12.361676
0.217100 12.357900 12.355051
0.218200 12.352700 12.348910
0.219400 12.347500 12.342135
0.220500 12.342400 12.335855
0.221700 12.337200 12.328929
0.222900 12.332000 12.321924
0.224000 12.326800 12.315434
0.225200 12.321600 12.308278
0.226300 12.316400 12.301650
0.227500 12.311200 12.294343
0.228600 12.306000 12.287577
0.229800 12.300800 12.280120
0.230900 12.295700 12.273215
