0.00000 12.29570
0.00120 12.30080
0.00230 12.30600
0.00350 12.31120
0.00460 12.31640
0.00580 12.32160
0.00690 12.32680
0.00810 12.33200
0.00920 12.33720
0.01040 12.34240
0.01150 12.34750
0.01270 12.35270
0.01390 12.35790
0.01500 12.36300
0.01620 12.36820
0.01730 12.37330
0.01850 12.37840
0.01960 12.38360
0.02080 12.38860
0.02190 12.39370
0.02310 12.39880
0.02420 12.40380
0.02540 12.40890
0.02660 12.41390
0.02770 12.41890
0.02890 12.42390
0.03000 12.42880
0.03120 12.43370
0.03230 12.43860
0.03350 12.44350
0.03460 12.44840
0.03580 12.45320
0.03700 12.45800
0.03810 12.46270
0.03930 12.46740
0.04040 12.47210
0.04160 12.47680
0.04270 12.48140
0.04390 12.48600
0.04500 12.49060
0.04620 12.49510
0.04730 12.49950
0.04850 12.50400
0.04970 12.50840
0.05080 12.51270
0.05200 12.51700
0.05310 12.52120
0.05430 12.52540
0.05540 12.52960
0.05660 12.53370
0.05770 12.53770
0.05890 12.54170
0.06000 12.54570
0.06120 12.54960
0.06240 12.55340
0.06350 12.55720
0.06470 12.56090
0.06580 12.56450
0.06700 12.56810
0.06810 12.57160
0.06930 12.57510
0.07040 12.57850
0.07160 12.58180
0.07270 12.58510
0.07390 12.58830
0.07510 12.59140
0.07620 12.59440
0.07740 12.59740
0.07850 12.60030
0.07970 12.60320
0.08080 12.60590
0.08200 12.60860
0.08310 12.61120
0.08430 12.61370
0.08540 12.61610
0.08660 12.61850
0.08780 12.62070
0.08890 12.62290
0.09010 12.62500
0.09120 12.62700
0.09240 12.62900
0.09350 12.63080
0.09470 12.63260
0.09580 12.63420
0.09700 12.63580
0.09810 12.63730
0.09930 12.63870
0.10050 12.64000
0.10160 12.64120
0.10280 12.64230
0.10390 12.64330
0.10510 12.64420
0.10620 12.64500
0.10740 12.64580
0.10850 12.64640
0.10970 12.64690
0.11090 12.64740
0.11200 12.64770
0.11320 12.64790
0.11430 12.64810
0.11550 12.64810
0.11660 12.64810
0.11780 12.64790
0.11890 12.64770
0.12010 12.64740
0.12120 12.64690
0.12240 12.64640
0.12360 12.64580
0.12470 12.64500
0.12590 12.64420
0.12700 12.64330
0.12820 12.64230
0.12930 12.64120
0.13050 12.64000
0.13160 12.63870
0.13280 12.63730
0.13390 12.63580
0.13510 12.63420
0.13630 12.63260
0.13740 12.63080
0.13860 12.62900
0.13970 12.62700
0.14090 12.62500
0.14200 12.62290
0.14320 12.62070
0.14430 12.61850
0.14550 12.61610
0.14660 12.61370
0.14780 12.61120
0.14900 12.60860
0.15010 12.60590
0.15130 12.60320
0.15240 12.60030
0.15360 12.59740
0.15470 12.59440
0.15590 12.59140
0.15700 12.58830
0.15820 12.58510
0.15930 12.58180
0.16050 12.57850
0.16170 12.57510
0.16280 12.57160
0.16400 12.56810
0.16510 12.56450
0.16630 12.56090
0.16740 12.55720
0.16860 12.55340
0.16970 12.54960
0.17090 12.54570
0.17210 12.54170
0.17320 12.53770
0.17440 12.53370
0.17550 12.52960
0.17670 12.52540
0.17780 12.52120
0.17900 12.51700
0.18010 12.51270
0.18130 12.50840
0.18240 12.50400
0.18360 12.49950
0.18480 12.49510
0.18590 12.49060
0.18710 12.48600
0.18820 12.48140
0.18940 12.47680
0.19050 12.47210
0.19170 12.46740
0.19280 12.46270
0.19400 12.45800
0.19510 12.45320
0.19630 12.44840
0.19750 12.44350
0.19860 12.43860
0.19980 12.43370
0.20090 12.42880
0.20210 12.42390
0.20320 12.41890
0.20440 12.41390
0.20550 12.40890
0.20670 12.40380
0.20780 12.39880
0.20900 12.39370
0.21020 12.38860
0.21130 12.38360
0.21250 12.37840
0.21360 12.37330
0.21480 12.36820
0.21590 12.36300
0.21710 12.35790
0.21820 12.35270
0.21940 12.34750
0.22050 12.34240
0.22170 12.33720
0.22290 12.33200
0.22400 12.32680
0.22520 12.32160
0.22630 12.31640
0.22750 12.31120
0.22860 12.30600
0.22980 12.30080
0.23090 12.29570
