k-value Original_E Fitted_E
0.102800 6.014200 6.014183
0.103900 6.014300 6.014332
0.105100 6.014500 6.014479
0.106200 6.014600 6.014600
0.107400 6.014700 6.014716
0.108500 6.014800 6.014808
0.109700 6.014900 6.014893
0.110900 6.015000 6.014963
0.112000 6.015000 6.015012
0.113200 6.015000 6.015051
0.114300 6.015100 6.015072
0.115500 6.015100 6.015079
0.116600 6.015100 6.015072
0.117800 6.015000 6.015049
0.118900 6.015000 6.015014
0.120100 6.015000 6.014960
0.121200 6.014900 6.014897
0.122400 6.014800 6.014812
0.123600 6.014700 6.014712
0.124700 6.014600 6.014605
0.125900 6.014500 6.014474
0.127000 6.014300 6.014339
0.128200 6.014200 6.014177
