k-value Original_E Fitted_E
0.103900 6.006600 6.006560
0.105100 6.008200 6.008230
0.106200 6.009600 6.009601
0.107400 6.010900 6.010921
0.108500 6.012000 6.011970
0.109700 6.012900 6.012940
0.110900 6.013700 6.013727
0.112000 6.014300 6.014288
0.113200 6.014700 6.014725
0.114300 6.015000 6.014965
0.115500 6.015100 6.015052
0.116600 6.015000 6.014971
0.117800 6.014700 6.014707
0.118900 6.014300 6.014305
0.120100 6.013700 6.013692
0.121200 6.012900 6.012969
0.122400 6.012000 6.012005
0.123600 6.010900 6.010858
0.124700 6.009600 6.009646
0.125900 6.008200 6.008150
0.127000 6.006600 6.006617
